nx     401
nm     2
    0   -1.7061697e+01    7.9278680e+01
    1    1.1496967e+01    8.7387031e+01
    2    9.3201413e+00    8.4011799e+01
    3   -1.3359014e+01    1.0235839e+02
    4   -2.0659017e+01    7.6994939e+01
    5   -2.9657049e+00    9.8889580e+01
    6   -2.3542475e+00    7.5562239e+01
    7   -5.1582003e+00    9.6508827e+01
    8    3.4885913e+00    7.8662678e+01
    9    3.5448406e+00    7.9624951e+01
   10    6.2547590e+00    6.8634716e+01
   11   -1.0223529e+01    8.1861654e+01
   12   -5.3803131e+00    8.6659422e+01
   13    2.7086198e+00    8.2602823e+01
   14   -2.2640699e+00    7.6571598e+01
   15    1.9477519e+01    9.6912819e+01
   16   -1.2267011e+01    9.3961188e+01
   17   -5.9320178e+00    7.8902609e+01
   18   -3.7429766e+00    9.0531150e+01
   19    2.4524729e+00    7.2344027e+01
   20    1.7836177e+01    1.0583753e+02
   21    1.7195325e+01    9.5322472e+01
   22   -2.5318733e+00    8.7875947e+01
   23    1.0772080e+01    8.4429573e+01
   24   -1.6938683e+01    7.7664840e+01
   25   -3.3681615e+00    7.1275456e+01
   26   -3.5223049e+00    5.8948743e+01
   27   -2.0559681e+01    5.3510161e+01
   28   -3.8916450e+00    1.6523418e+01
   29   -9.1114125e+00    5.1498889e+00
   30   -4.3092273e+00    7.8042540e+00
   31    3.1034681e+01    1.8851234e+01
   32    1.6272809e+00   -1.6159760e+01
   33    2.5201175e+01   -1.3667750e+01
   34    2.1929249e+01   -1.2180039e+01
   35    5.3579333e+01    7.3838122e+00
   36    4.4358990e+01   -2.1139497e+00
   37    4.8726286e+01   -1.2971619e+01
   38    6.9770358e+01   -1.4869939e+01
   39    6.1616974e+01    6.1950382e+00
   40    7.6414891e+01   -3.3544421e+00
   41    8.8227662e+01    1.1614402e+01
   42    7.2128305e+01    4.1789288e-01
   43    9.0395906e+01    9.8662876e+00
   44    8.4908801e+01    1.5976538e+00
   45    8.4563768e+01   -8.0796938e+00
   46    7.1912740e+01   -5.5210798e-01
   47    9.5233408e+01   -7.7698752e+00
   48    7.6966814e+01   -2.0397026e+00
   49    8.1969462e+01    6.3169972e+00
   50    8.5134973e+01   -2.0196803e+01
   51    7.7314131e+01    9.2087385e+00
   52    9.5974737e+01    3.1991213e+00
   53    9.6485056e+01   -1.0339123e+00
   54    7.7848357e+01    1.2424549e+01
   55    7.7707969e+01   -2.0259959e+01
   56    9.6642442e+01    1.5704109e+01
   57    8.6663579e+01    2.8302379e+00
   58    8.6129938e+01    1.8149369e+00
   59    9.5749956e+01   -1.4792328e-01
   60    8.8908049e+01    2.1877913e+01
   61    9.1782729e+01    4.1891168e+00
   62    1.0139740e+02   -7.7877240e+00
   63    8.4050325e+01   -2.8777516e+00
   64    8.3148801e+01   -5.1782183e+00
   65    9.4364186e+01    1.6475489e+01
   66    9.2831309e+01   -2.8705785e+00
   67    7.5462952e+01   -1.3782220e+01
   68    7.5900311e+01    1.1211755e+01
   69    9.5387605e+01    6.2226393e+00
   70    9.0691973e+01   -1.3597023e+01
   71    1.0292589e+02    1.5041719e+01
   72    1.0082375e+02    9.5767916e+00
   73    8.5257355e+01    7.1957192e+00
   74    1.0419711e+02    1.3706506e+01
   75    1.0694266e+02    1.3386851e+01
   76    9.3109485e+01    1.7563887e+00
   77    8.3241904e+01    2.3537081e+01
   78    8.7684526e+01   -8.3191354e-01
   79    8.4008119e+01   -1.8844635e+01
   80    8.9546591e+01   -1.0465478e+01
   81    8.4970715e+01   -1.2396249e+01
   82    8.0971495e+01    1.3779847e+01
   83    1.0195829e+02   -1.4226090e+01
   84    8.1032781e+01    3.8796709e+00
   85    9.1860018e+01   -2.1695040e+00
   86    7.7775365e+01    5.1491558e+00
   87    8.1195408e+01   -2.6340408e+01
   88    8.1457581e+01    2.3593336e+00
   89    9.2870280e+01    9.8188700e+00
   90    7.5805138e+01    9.1978572e+00
   91    8.3266763e+01    3.7069443e+00
   92    1.0597915e+02    2.2339893e-01
   93    9.7888817e+01    1.1485504e+01
   94    9.1503745e+01    3.6306299e+00
   95    6.2595593e+01   -6.0714699e+00
   96    9.5525822e+01   -6.8421189e+00
   97    9.0458078e+01   -7.6185631e+00
   98    8.0446843e+01   -4.9304600e+00
   99    9.1942308e+01    3.4409906e+00
  100    7.8071117e+01    5.4628810e+00
  101    7.5300981e+01   -5.1096160e+00
  102    8.9860934e+01   -2.5926749e+00
  103    9.7037221e+01    4.2865526e+00
  104    8.5035005e+01    1.4349105e+00
  105    9.2140500e+01   -1.4187889e+00
  106    9.4715559e+01   -1.6469025e+00
  107    8.2522540e+01   -4.2777994e+00
  108    8.5138422e+01   -1.0845443e+01
  109    8.7828977e+01    2.9818642e+00
  110    9.7992843e+01   -5.1562828e+00
  111    7.5033973e+01   -1.1008170e+00
  112    9.8177150e+01   -4.3003132e+00
  113    1.0739759e+02   -7.4257954e+00
  114    8.2818316e+01    1.4029211e+01
  115    8.8678193e+01    5.5651626e+00
  116    7.8058091e+01   -5.7397627e+00
  117    8.9415306e+01    9.3541614e+00
  118    7.4166172e+01   -9.5758341e-01
  119    9.3196279e+01    5.0998653e+00
  120    8.7517718e+01    2.0238210e+00
  121    8.1390877e+01    4.2707221e+00
  122    9.5428118e+01   -7.2967841e+00
  123    9.6359260e+01    3.1179491e+00
  124    8.2700501e+01    2.7428404e+01
  125    8.1836457e+01    4.4803701e+00
  126    9.7043490e+01   -2.5317648e+00
  127    9.4755497e+01    5.0949661e+00
  128    8.7863524e+01    8.0840870e+00
  129    8.6230865e+01    9.0128170e+00
  130    9.6843298e+01   -1.5601831e+01
  131    8.1710442e+01    1.6298615e+01
  132    1.1262411e+02   -4.5490123e+00
  133    8.3459327e+01   -8.5296391e+00
  134    8.5082700e+01   -1.7564807e+01
  135    9.9260507e+01   -1.7994781e+00
  136    9.3826631e+01    7.7909943e+00
  137    9.1015047e+01   -1.1914387e+01
  138    8.3282639e+01   -1.4302308e+01
  139    8.5986739e+01    2.2545785e+01
  140    1.0619949e+02    2.7540403e+00
  141    8.1004985e+01    2.4015121e+00
  142    9.0742906e+01   -6.3107000e+00
  143    7.7805157e+01    3.5895070e+00
  144    9.0482371e+01   -1.5623289e+01
  145    8.2595179e+01   -1.7289836e+01
  146    9.4527119e+01    1.8339191e+00
  147    9.0962599e+01    1.8752817e+01
  148    8.8287174e+01    8.3459225e+00
  149    9.4995441e+01    1.9917122e+01
  150    9.1488322e+01    2.0315902e+00
  151    9.2483823e+01    2.2073263e-03
  152    8.6760235e+01    1.0239018e+01
  153    9.1071697e+01   -1.3772619e+01
  154    9.4406094e+01    2.0262397e+01
  155    7.8951380e+01   -6.1829869e+00
  156    8.9948623e+01    1.8129439e+01
  157    7.3268255e+01    1.4478891e+01
  158    7.9876130e+01    9.8327973e+00
  159    9.2595099e+01    2.6962613e+01
  160    9.8007834e+01    7.5885180e+00
  161    8.6957384e+01   -1.7237115e+01
  162    7.4864145e+01    7.6653573e+00
  163    9.5503077e+01    6.4991750e-01
  164    1.0421602e+02   -1.2577444e+01
  165    9.5126103e+01   -2.4340119e+00
  166    9.8888607e+01    1.3434011e+01
  167    8.9688476e+01    5.0814823e-01
  168    7.9488835e+01   -2.0379450e+00
  169    8.9991529e+01    1.1627916e+01
  170    1.0298561e+02    1.8607356e+00
  171    7.3402983e+01   -9.8367929e+00
  172    8.7699609e+01    7.0733164e+00
  173    7.7665922e+01   -1.7044335e+01
  174    8.0709356e+01    7.8961057e+00
  175    1.0654050e+02    1.3801978e+00
  176    8.0245924e+01    7.9811493e+00
  177    1.0610294e+02    1.0546243e+01
  178    7.1290455e+01   -4.6033933e+00
  179    9.3513487e+01    3.7753041e+00
  180    8.7647417e+01   -1.4475318e+00
  181    7.8825486e+01    7.0220616e+00
  182    7.0331046e+01   -4.1061920e+00
  183    7.8395867e+01   -8.4742330e+00
  184    1.0269450e+02   -7.7113585e+00
  185    7.9387576e+01    2.2441067e+00
  186    9.2836120e+01    2.0047427e+01
  187    8.3611460e+01   -2.1137033e+01
  188    9.4232168e+01    1.2818975e+01
  189    8.4575380e+01    6.3006478e+00
  190    1.0335297e+02    2.0433317e+00
  191    9.4722807e+01   -4.0703673e-01
  192    9.1155638e+01    9.0433350e+00
  193    8.8036177e+01   -7.0946781e+00
  194    8.3075329e+01   -5.0230683e+00
  195    9.6831881e+01   -6.1680345e+00
  196    9.9708899e+01    7.9385645e+00
  197    8.0517675e+01   -2.7712730e+00
  198    8.8678289e+01    1.9422025e+01
  199    7.3427611e+01   -4.3099904e+00
  200    7.9401356e+01    5.5295549e+00
  201    9.0103195e+01   -1.5207077e+00
  202    7.7745140e+01    2.8565273e+00
  203    9.9092220e+01   -4.9787804e+00
  204    9.2853816e+01    1.1311474e+01
  205    8.8296875e+01   -1.2825430e+01
  206    8.5893653e+01    2.4701763e+00
  207    7.1771644e+01   -4.0126227e+00
  208    9.4238998e+01    9.3443943e+00
  209    8.2556257e+01   -4.1081165e+00
  210    7.4752784e+01   -8.2106474e-01
  211    7.5860213e+01    9.3118935e+00
  212    9.6179566e+01   -3.0894937e+00
  213    8.6286401e+01    3.2905448e+00
  214    1.0273378e+02    8.6243329e+00
  215    1.1310772e+02   -6.0720449e+00
  216    9.3205789e+01   -2.3301919e+01
  217    8.3506412e+01   -2.1837934e+00
  218    9.3368133e+01   -2.1677787e+00
  219    1.0188690e+02    7.3629628e+00
  220    8.5296980e+01    4.5524028e+00
  221    8.4695256e+01    1.1487728e+01
  222    7.2942176e+01   -1.1221381e+01
  223    9.1541733e+01   -8.0280269e+00
  224    7.7985740e+01   -5.8073053e+00
  225    9.6178325e+01    7.7527969e+00
  226    1.0070158e+02   -2.5300348e+00
  227    8.3586644e+01    7.1190726e-01
  228    7.4083123e+01   -2.0789419e+01
  229    8.0499408e+01    2.0296515e+00
  230    1.2128574e+02    1.2773617e+01
  231    8.0724594e+01   -5.4713731e-01
  232    8.6469539e+01   -2.5049004e+00
  233    9.9521821e+01   -9.3743669e-01
  234    7.7436041e+01    1.1159142e+01
  235    1.0486032e+02   -6.2935582e+00
  236    1.1440848e+02    1.5200141e+01
  237    8.9800921e+01    1.4219185e+01
  238    8.7206950e+01    1.9409423e+00
  239    7.4808432e+01   -1.7853007e+01
  240    9.0257524e+01    1.6505960e+01
  241    9.4511417e+01   -1.5565643e+01
  242    9.3400925e+01    1.3864898e+01
  243    7.3398503e+01   -1.9912716e+00
  244    8.8675022e+01    5.5138620e+00
  245    7.5556477e+01    3.8195287e+00
  246    9.4625659e+01    9.7007998e+00
  247    1.0014059e+02    9.2220433e+00
  248    8.4703805e+01    2.9890781e+01
  249    8.3130099e+01    8.6194122e+00
  250    9.6693689e+01   -7.8212198e+00
  251    9.0700083e+01   -1.8480362e+00
  252    8.7884715e+01   -1.4114745e+01
  253    9.3982225e+01    7.0118153e+00
  254    7.3627638e+01    6.0215619e-01
  255    1.0027481e+02   -8.3705779e+00
  256    8.0562502e+01    1.9338940e+01
  257    9.6670786e+01   -1.9701699e+00
  258    8.7474832e+01    1.3217432e+01
  259    8.2613531e+01    5.7257317e+00
  260    7.9811470e+01    2.3170522e+00
  261    7.5912547e+01   -6.8064810e+00
  262    1.1032137e+02    1.5361026e+01
  263    8.8221211e+01   -9.5634852e+00
  264    8.0632802e+01   -3.0336494e+00
  265    9.4085729e+01   -8.7560141e+00
  266    9.4335891e+01   -4.4464404e+00
  267    9.2330212e+01    2.7128309e+00
  268    9.4851891e+01    1.9468596e-01
  269    8.3313220e+01   -1.5971321e+01
  270    6.8108527e+01   -6.1688542e+00
  271    8.0271665e+01   -1.6040497e+01
  272    7.8966981e+01   -5.0574772e+00
  273    9.4777831e+01   -1.9823766e+00
  274    7.0518663e+01    4.8834204e+00
  275    9.0184308e+01   -1.2367846e+01
  276    9.0425273e+01   -5.0235963e+00
  277    8.8470210e+01    5.3375942e+00
  278    1.0138111e+02   -2.5563003e+00
  279    7.2771289e+01    2.9179419e+00
  280    9.4766682e+01    1.4356575e+01
  281    9.5196793e+01   -1.8201684e+01
  282    7.7925832e+01    4.2905785e+00
  283    8.2003500e+01   -6.6161496e+00
  284    8.0405529e+01    8.9469288e+00
  285    7.3769419e+01    7.0914526e+00
  286    8.7303307e+01    1.0541207e+01
  287    9.6251052e+01    2.2951896e+00
  288    9.5445140e+01    7.7038514e+00
  289    8.8751802e+01    1.2699245e+01
  290    9.5893883e+01    8.1810752e+00
  291    7.5308241e+01   -1.2211786e+00
  292    1.0618106e+02   -1.2886995e+01
  293    9.9479131e+01    2.7443917e+01
  294    9.1875530e+01   -4.3514892e+00
  295    8.7183839e+01   -9.1006773e+00
  296    8.6714468e+01   -1.9086094e+00
  297    1.0312806e+02   -1.3082317e+01
  298    8.6611981e+01   -1.0003004e+00
  299    8.2319294e+01    5.8712678e+00
  300    8.1205909e+01    8.9265387e-01
  301    8.4198158e+01    4.5394992e+00
  302    7.5222215e+01   -8.5653145e+00
  303    7.9907370e+01   -1.4936161e+01
  304    8.8957463e+01    5.8937644e+00
  305    8.5063509e+01    1.7542503e+01
  306    9.3074942e+01   -2.0657746e+01
  307    9.8240482e+01   -3.9802873e+00
  308    9.4979398e+01   -6.0163785e+00
  309    9.3942119e+01   -2.3569379e+00
  310    7.6086757e+01    1.7020792e+01
  311    8.3016803e+01   -2.2593892e+00
  312    8.2580321e+01   -1.7589660e+00
  313    9.3125613e+01   -7.9351303e+00
  314    9.2908439e+01    1.5071451e+01
  315    9.6452774e+01   -6.9802384e-01
  316    8.2738448e+01   -1.7769054e+00
  317    9.4584836e+01   -1.0670660e+01
  318    8.6181325e+01   -2.0328229e+01
  319    8.8623141e+01    1.1869392e+00
  320    1.0265161e+02   -6.5185374e+00
  321    7.8046433e+01    3.6724261e+00
  322    9.2379699e+01    1.8672026e+00
  323    8.8931040e+01    3.1737947e+00
  324    9.6292859e+01    1.0869175e+01
  325    7.9518196e+01    1.1402170e+01
  326    8.6766506e+01    1.8506484e+00
  327    8.5986684e+01    1.0553295e+01
  328    8.7915189e+01   -5.3949467e+00
  329    8.0136518e+01    9.9418476e+00
  330    6.9718423e+01    1.0849659e+01
  331    8.4341431e+01   -1.0418151e+01
  332    9.0485617e+01   -1.1146569e+00
  333    7.6447634e+01   -8.2197143e+00
  334    9.0059274e+01   -4.1746967e+00
  335    9.0341798e+01    7.3805416e+00
  336    8.3307078e+01    4.7833131e+00
  337    7.8959740e+01   -1.8335670e+01
  338    8.6061912e+01   -9.4545463e+00
  339    1.0190038e+02    6.2593866e+00
  340    9.1231583e+01    2.4276712e+01
  341    8.4333928e+01   -1.6142767e+01
  342    7.3897570e+01   -7.0834825e+00
  343    8.7631459e+01    2.9379890e+00
  344    9.6040306e+01   -3.6162140e+00
  345    7.6715017e+01   -1.2605460e+00
  346    9.1327296e+01    1.1072853e+01
  347    8.5832663e+01    1.1312656e+01
  348    1.0530104e+02    3.5705747e+00
  349    8.3644745e+01   -7.8888149e+00
  350    8.2059315e+01   -4.3888465e+00
  351    8.5787685e+01   -2.1153926e+00
  352    9.8207961e+01   -1.4757590e+01
  353    7.5099762e+01   -8.6534125e+00
  354    9.7124313e+01   -1.4865293e+01
  355    8.0791221e+01   -2.2017567e-01
  356    9.2844774e+01   -5.4830439e+00
  357    9.2055227e+01   -9.9731696e+00
  358    9.5973800e+01   -9.2705395e+00
  359    7.1752710e+01   -6.6604057e+00
  360    1.1933617e+02    9.2620626e+00
  361    9.3263262e+01    1.0098464e+01
  362    7.9504759e+01    1.5833103e+01
  363    6.1050202e+01    9.9251825e+00
  364    1.0320239e+02   -6.5173701e+00
  365    7.7298122e+01   -2.3546290e+01
  366    8.7178655e+01   -9.1811348e+00
  367    1.0188769e+02   -1.9017893e+01
  368    9.7424145e+01    7.3250907e+00
  369    8.9542784e+01    3.2060942e+00
  370    7.4315857e+01    7.1701940e+00
  371    8.8240422e+01    1.7336510e+01
  372    8.3688094e+01   -8.7284386e+00
  373    8.7092320e+01    3.8942294e+00
  374    7.9319119e+01    1.1500933e+01
  375    9.6163009e+01   -1.0999104e+01
  376    9.2033109e+01    1.3376947e+01
  377    8.8769661e+01    1.4702754e+01
  378    6.8720525e+01    7.2057241e+00
  379    1.0057158e+02   -2.5685272e+00
  380    7.6763912e+01    3.0162441e+00
  381    6.0172693e+01   -9.8495236e-01
  382    9.1192218e+01    8.9389951e+00
  383    8.5102000e+01   -1.1359954e+00
  384    8.0932775e+01    9.5248642e-01
  385    9.9913418e+01    3.8091824e+00
  386    9.3535251e+01    6.9297756e-01
  387    6.9333947e+01   -1.4480478e+01
  388    8.1651464e+01   -2.2678174e+01
  389    9.6393242e+01    7.2163222e-01
  390    9.4397228e+01    3.2236811e+01
  391    7.6928165e+01   -1.5909942e+01
  392    8.7489788e+01   -1.2127481e+01
  393    1.0760242e+02   -9.8831774e+00
  394    8.4890402e+01   -5.7800810e+00
  395    9.6341878e+01   -3.6463485e+00
  396    7.1426592e+01    7.5052830e+00
  397    8.6433914e+01   -2.1331197e+01
  398    8.6362250e+01   -3.1606667e+01
  399    8.7550479e+01   -5.9333716e+00
  400    7.2429286e+01   -4.2682392e+00
