nx     100
nm     2
    0   9.83878615206e-01   1.61213846607e-02
    1   9.83664080554e-01   1.63359192805e-02
    2   9.83014830173e-01   1.69851698484e-02
    3   9.81913627880e-01   1.80863719679e-02
    4   9.80330744009e-01   1.96692559245e-02
    5   9.78222379174e-01   2.17776207961e-02
    6   9.75528325208e-01   2.44716747330e-02
    7   9.72168721894e-01   2.78312780618e-02
    8   9.68039740043e-01   3.19602599484e-02
    9   9.63008001891e-01   3.69919981180e-02
   10   9.56903565251e-01   4.30964347446e-02
   11   9.49511385349e-01   5.04886146399e-02
   12   9.40561384461e-01   5.94386155184e-02
   13   9.29717695225e-01   7.02823047336e-02
   14   9.16568420340e-01   8.34315795700e-02
   15   9.00618509776e-01   9.93814901147e-02
   16   8.81290186464e-01   1.18709813464e-01
   17   8.57937646613e-01   1.42062353390e-01
   18   8.29884934071e-01   1.70115065995e-01
   19   7.96496504698e-01   2.03503495419e-01
   20   7.57286554881e-01   2.42713445302e-01
   21   7.12062705691e-01   2.87937294557e-01
   22   6.61080906276e-01   3.38919094031e-01
   23   6.05165987364e-01   3.94834012986e-01
   24   5.45739248205e-01   4.54260752193e-01
   25   4.84707988353e-01   5.15292012071e-01
   26   4.24218538577e-01   5.75781461838e-01
   27   3.66335323755e-01   6.33664676611e-01
   28   3.12745748818e-01   6.87254251469e-01
   29   2.64577401661e-01   7.35422598506e-01
   30   2.22360030794e-01   7.77639969254e-01
   31   1.86106895280e-01   8.13893104672e-01
   32   1.55459432447e-01   8.44540567452e-01
   33   1.29840870006e-01   8.70159129839e-01
   34   1.08584275105e-01   8.91415724699e-01
   35   9.10222003741e-02   9.08977799430e-01
   36   7.65397978540e-02   9.23460201988e-01
   37   6.45998946638e-02   9.35400105209e-01
   38   5.47495648952e-02   9.45250434987e-01
   39   4.66160909770e-02   9.53383908912e-01
   40   3.98978562320e-02   9.60102143686e-01
   41   3.43536126901e-02   9.65646387256e-01
   42   2.97920279549e-02   9.70207972002e-01
   43   2.60624139080e-02   9.73937586016e-01
   44   2.30469508324e-02   9.76953049040e-01
   45   2.06544080206e-02   9.79345591811e-01
   46   1.88152193900e-02   9.81184780425e-01
   47   1.74777266391e-02   9.82522273168e-01
   48   1.66054069823e-02   9.83394592816e-01
   49   1.61749306455e-02   9.83825069145e-01
   50   1.61749306455e-02   9.83825069147e-01
   51   1.66054069823e-02   9.83394592815e-01
   52   1.74777266392e-02   9.82522273168e-01
   53   1.88152193900e-02   9.81184780422e-01
   54   2.06544080206e-02   9.79345591812e-01
   55   2.30469508324e-02   9.76953049039e-01
   56   2.60624139080e-02   9.73937586015e-01
   57   2.97920279550e-02   9.70207972001e-01
   58   3.43536126903e-02   9.65646387260e-01
   59   3.98978562321e-02   9.60102143687e-01
   60   4.66160909772e-02   9.53383908916e-01
   61   5.47495648955e-02   9.45250434992e-01
   62   6.45998946642e-02   9.35400105215e-01
   63   7.65397978542e-02   9.23460201990e-01
   64   9.10222003746e-02   9.08977799433e-01
   65   1.08584275105e-01   8.91415724699e-01
   66   1.29840870007e-01   8.70159129840e-01
   67   1.55459432447e-01   8.44540567448e-01
   68   1.86106895281e-01   8.13893104674e-01
   69   2.22360030794e-01   7.77639969252e-01
   70   2.64577401663e-01   7.35422598509e-01
   71   3.12745748820e-01   6.87254251472e-01
   72   3.66335323758e-01   6.33664676617e-01
   73   4.24218538580e-01   5.75781461843e-01
   74   4.84707988356e-01   5.15292012076e-01
   75   5.45739248209e-01   4.54260752199e-01
   76   6.05165987367e-01   3.94834012990e-01
   77   6.61080906274e-01   3.38919094032e-01
   78   7.12062705692e-01   2.87937294559e-01
   79   7.57286554879e-01   2.42713445303e-01
   80   7.96496504697e-01   2.03503495419e-01
   81   8.29884934069e-01   1.70115065995e-01
   82   8.57937646614e-01   1.42062353390e-01
   83   8.81290186468e-01   1.18709813465e-01
   84   9.00618509782e-01   9.93814901153e-02
   85   9.16568420349e-01   8.34315795705e-02
   86   9.29717695233e-01   7.02823047341e-02
   87   9.40561384474e-01   5.94386155191e-02
   88   9.49511385354e-01   5.04886146402e-02
   89   9.56903565258e-01   4.30964347449e-02
   90   9.63008001893e-01   3.69919981181e-02
   91   9.68039740046e-01   3.19602599486e-02
   92   9.72168721890e-01   2.78312780617e-02
   93   9.75528325208e-01   2.44716747330e-02
   94   9.78222379175e-01   2.17776207962e-02
   95   9.80330744010e-01   1.96692559246e-02
   96   9.81913627884e-01   1.80863719680e-02
   97   9.83014830181e-01   1.69851698486e-02
   98   9.83664080562e-01   1.63359192806e-02
   99   9.83878615215e-01   1.61213846608e-02
