nx     101
nm     2
    0    1.3801320e+01    1.7962641e+01
    1    2.8060047e+01    2.1998853e+01
    2    2.6914008e+01    2.0261594e+01
    3    1.5479267e+01    2.9353267e+01
    4    1.1697856e+01    1.6559597e+01
    5    2.0378609e+01    2.7366940e+01
    6    2.0486105e+01    1.5538150e+01
    7    1.8856092e+01    2.5824661e+01
    8    2.2924488e+01    1.6697209e+01
    9    2.2673774e+01    1.6961065e+01
   10    2.3729451e+01    1.1241160e+01
   11    1.5174271e+01    1.7628589e+01
   12    1.7267145e+01    1.9807541e+01
   13    2.0974734e+01    1.7574278e+01
   14    1.8148647e+01    1.4379613e+01
   15    2.8683182e+01    2.4410974e+01
   16    1.2486056e+01    2.2853793e+01
   17    1.5350294e+01    1.5325060e+01
   18    1.6176620e+01    2.1254271e+01
   19    1.9059178e+01    1.2434251e+01
   20    2.6612796e+01    2.9673410e+01
   21    2.6262207e+01    2.5208517e+01
   22    1.6515178e+01    2.2685521e+01
   23    2.3474079e+01    2.2706154e+01
   24    1.0155717e+01    2.1770888e+01
   25    1.7723692e+01    2.1889969e+01
   26    1.8629661e+01    2.0028080e+01
   27    1.1135685e+01    2.2598453e+01
   28    2.0215966e+01    1.0166578e+01
   29    1.7596315e+01    1.0817966e+01
   30    1.8710746e+01    1.8041317e+01
   31    3.3479391e+01    2.8292496e+01
   32    1.4311547e+01    1.3898634e+01
   33    2.0555762e+01    1.6635345e+01
   34    1.3009319e+01    1.7612686e+01
   35    2.3215624e+01    2.6875959e+01
   36    1.3705514e+01    2.1297387e+01
   37    1.1876492e+01    1.5015267e+01
   38    1.9253616e+01    1.3330979e+01
   39    1.2782410e+01    2.3290300e+01
   40    1.8389816e+01    1.8096896e+01
   41    2.2967839e+01    2.5289781e+01
   42    1.3936229e+01    1.9496507e+01
   43    2.2343504e+01    2.4095455e+01
   44    1.9060643e+01    1.9884747e+01
   45    1.8486088e+01    1.5003180e+01
   46    1.1859632e+01    1.8746714e+01
   47    2.3294010e+01    1.5132712e+01
   48    1.3990863e+01    1.8002732e+01
   49    1.6364713e+01    2.2192651e+01
   50    1.7852302e+01    8.9516726e+00
   51    1.3871568e+01    2.3673202e+01
   52    2.3150831e+01    2.0688980e+01
   53    2.3370004e+01    1.8594209e+01
   54    1.4027495e+01    2.5345898e+01
   55    1.3942477e+01    9.0265128e+00
   56    2.3402286e+01    2.7031626e+01
   57    1.8411302e+01    2.0617841e+01
   58    1.8147599e+01    2.0133315e+01
   59    2.2964438e+01    1.9174917e+01
   60    1.9553260e+01    3.0210724e+01
   61    2.1002707e+01    2.1389034e+01
   62    2.5823980e+01    1.5423112e+01
   63    1.7165811e+01    1.7900362e+01
   64    1.6731517e+01    1.6772138e+01
   65    2.2356510e+01    2.7620729e+01
   66    2.1607985e+01    1.7969142e+01
   67    1.2942151e+01    1.2534464e+01
   68    1.3179458e+01    2.5052275e+01
   69    2.2941891e+01    2.2578208e+01
   70    2.0612917e+01    1.2688522e+01
   71    2.6748686e+01    2.7027680e+01
   72    2.5716328e+01    2.4314632e+01
   73    1.7951675e+01    2.3143129e+01
   74    2.7439885e+01    2.6417164e+01
   75    2.8830740e+01    2.6275574e+01
   76    2.1931935e+01    2.0478168e+01
   77    1.7015605e+01    3.1385918e+01
   78    1.9254028e+01    1.9218395e+01
   79    1.7432565e+01    1.0228573e+01
   80    2.0218152e+01    1.4434248e+01
   81    1.7946161e+01    1.3484511e+01
   82    1.5962080e+01    2.6587755e+01
   83    2.6470582e+01    1.2599528e+01
   84    1.6022492e+01    2.1666693e+01
   85    2.1450336e+01    1.8655930e+01
   86    1.4421789e+01    2.2328626e+01
   87    1.6145141e+01    6.5967508e+00
   88    1.6289109e+01    2.0959071e+01
   89    2.2007891e+01    2.4700834e+01
   90    1.3487304e+01    2.4401872e+01
   91    1.7229655e+01    2.1667512e+01
   92    2.8596948e+01    1.9936393e+01
   93    2.4562440e+01    2.5577664e+01
   94    2.1380133e+01    2.1660015e+01
   95    6.9358603e+00    1.6818331e+01
   96    2.3410361e+01    1.6441958e+01
   97    2.0885465e+01    1.6062281e+01
   98    1.5888422e+01    1.7414481e+01
   99    2.1644336e+01    2.1607966e+01
  100    1.4716540e+01    2.2626295e+01
