nx     100
nm     2
    0  -1.93551446132e+01   3.89224749094e-10
    1  -1.93443085051e+01   2.25472297122e-03
    2  -1.93120939317e+01   8.49927734807e-03
    3  -1.92593772082e+01   1.71679122539e-02
    4  -1.91876110523e+01   2.56187113312e-02
    5  -1.90988119576e+01   3.00832115122e-02
    6  -1.89955533231e+01   2.55796874637e-02
    7  -1.88809640790e+01   5.78479831852e-03
    8  -1.87587384531e+01  -3.71488508006e-02
    9  -1.86331569983e+01  -1.12836922618e-01
   10  -1.85091110155e+01  -2.32968405170e-01
   11  -1.83921094948e+01  -4.11654080228e-01
   12  -1.82882248221e+01  -6.65769442396e-01
   13  -1.82038989854e+01  -1.01519117433e+00
   14  -1.81454824169e+01  -1.48274559984e+00
   15  -1.81183183371e+01  -2.09357794220e+00
   16  -1.81251334137e+01  -2.87352595226e+00
   17  -1.81634999587e+01  -3.84599409330e+00
   18  -1.82222850280e+01  -5.02688766619e+00
   19  -1.82774264370e+01  -6.41756625177e+00
   20  -1.82881686023e+01  -7.99670641142e+00
   21  -1.81959308618e+01  -9.71342263967e+00
   22  -1.79286801247e+01  -1.14854438797e+01
   23  -1.74129522041e+01  -1.32063127154e+01
   24  -1.65926095617e+01  -1.47630396391e+01
   25  -1.54487373083e+01  -1.60604177791e+01
   26  -1.40118569247e+01  -1.70431153856e+01
   27  -1.23594511713e+01  -1.77060382241e+01
   28  -1.05987654119e+01  -1.80889354612e+01
   29  -8.84230621599e+00  -1.82592101503e+01
   30  -7.18600939113e+00  -1.82916081592e+01
   31  -5.69671012270e+00  -1.82524343110e+01
   32  -4.40986780677e+00  -1.81914905087e+01
   33  -3.33445140199e+00  -1.81408166015e+01
   34  -2.46084355740e+00  -1.81174725526e+01
   35  -1.76862536496e+00  -1.81277373494e+01
   36  -1.23267155434e+00  -1.81710796399e+01
   37  -8.27205816828e-01  -1.82432100299e+01
   38  -5.28112476665e-01  -1.83381298800e+01
   39  -3.14005674049e-01  -1.84493620337e+01
   40  -1.66526292586e-01  -1.85706120424e+01
   41  -7.02205583321e-02  -1.86960760505e+01
   42  -1.22334520358e-02  -1.88205523341e+01
   43   1.80458396558e-02  -1.89394576041e+01
   44   2.93143729701e-02  -1.90488075934e+01
   45   2.86309404270e-02  -1.91451927382e+01
   46   2.16287926397e-02  -1.92257624314e+01
   47   1.26700514331e-02  -1.92882208830e+01
   48   4.95139238495e-03  -1.93308323285e+01
   49   5.71780795987e-04  -1.93524309936e+01
   50   5.71778530473e-04  -1.93524309959e+01
   51   4.95139375502e-03  -1.93308323271e+01
   52   1.26700503794e-02  -1.92882208840e+01
   53   2.16287940818e-02  -1.92257624299e+01
   54   2.86309390490e-02  -1.91451927396e+01
   55   2.93143735981e-02  -1.90488075927e+01
   56   1.80458394414e-02  -1.89394576043e+01
   57  -1.22334506654e-02  -1.88205523327e+01
   58  -7.02205605392e-02  -1.86960760527e+01
   59  -1.66526290911e-01  -1.85706120407e+01
   60  -3.14005674607e-01  -1.84493620343e+01
   61  -5.28112476428e-01  -1.83381298798e+01
   62  -8.27205818414e-01  -1.82432100316e+01
   63  -1.23267155234e+00  -1.81710796379e+01
   64  -1.76862536680e+00  -1.81277373513e+01
   65  -2.46084355597e+00  -1.81174725511e+01
   66  -3.33445140388e+00  -1.81408166033e+01
   67  -4.40986780320e+00  -1.81914905050e+01
   68  -5.69671012630e+00  -1.82524343145e+01
   69  -7.18600938847e+00  -1.82916081565e+01
   70  -8.84230621692e+00  -1.82592101512e+01
   71  -1.05987654112e+01  -1.80889354604e+01
   72  -1.23594511730e+01  -1.77060382258e+01
   73  -1.40118569239e+01  -1.70431153849e+01
   74  -1.54487373083e+01  -1.60604177791e+01
   75  -1.65926095626e+01  -1.47630396400e+01
   76  -1.74129522053e+01  -1.32063127167e+01
   77  -1.79286801221e+01  -1.14854438772e+01
   78  -1.81959308636e+01  -9.71342264156e+00
   79  -1.82881686010e+01  -7.99670641016e+00
   80  -1.82774264375e+01  -6.41756625230e+00
   81  -1.82222850264e+01  -5.02688766465e+00
   82  -1.81634999594e+01  -3.84599409404e+00
   83  -1.81251334135e+01  -2.87352595195e+00
   84  -1.81183183375e+01  -2.09357794246e+00
   85  -1.81454824173e+01  -1.48274560022e+00
   86  -1.82038989843e+01  -1.01519117313e+00
   87  -1.82882248254e+01  -6.65769445542e-01
   88  -1.83921094924e+01  -4.11654077805e-01
   89  -1.85091110171e+01  -2.32968406692e-01
   90  -1.86331569967e+01  -1.12836921050e-01
   91  -1.87587384554e+01  -3.71488531747e-02
   92  -1.88809640759e+01   5.78480131092e-03
   93  -1.89955533240e+01   2.55796864907e-02
   94  -1.90988119576e+01   3.00832114607e-02
   95  -1.91876110518e+01   2.56187117904e-02
   96  -1.92593772078e+01   1.71679126939e-02
   97  -1.93120939327e+01   8.49927637002e-03
   98  -1.93443085050e+01   2.25472316098e-03
   99  -1.93551446137e+01   0.00000000000e+00
