nx     1000
nm     2
    0   9.99948799592e-01   5.11873015031e-05
    1   9.99948765181e-01   5.12216056489e-05
    2   9.99948662323e-01   5.13245610694e-05
    3   9.99948490516e-01   5.14962966833e-05
    4   9.99948249792e-01   5.17370275716e-05
    5   9.99947939800e-01   5.20470551888e-05
    6   9.99947560058e-01   5.24267677381e-05
    7   9.99947110185e-01   5.28766406503e-05
    8   9.99946589668e-01   5.33972371427e-05
    9   9.99945997627e-01   5.39892088833e-05
   10   9.99945333673e-01   5.46532968204e-05
   11   9.99944596577e-01   5.53903320012e-05
   12   9.99943785807e-01   5.62012366556e-05
   13   9.99942899990e-01   5.70870252201e-05
   14   9.99941938257e-01   5.80488056331e-05
   15   9.99940899354e-01   5.90877806193e-05
   16   9.99939781890e-01   6.02052491501e-05
   17   9.99938584550e-01   6.14026080214e-05
   18   9.99937305886e-01   6.26813535239e-05
   19   9.99935944100e-01   6.40430832327e-05
   20   9.99934497806e-01   6.54894979811e-05
   21   9.99932964843e-01   6.70224038369e-05
   22   9.99931343645e-01   6.86437143708e-05
   23   9.99929631873e-01   7.03554528764e-05
   24   9.99927827606e-01   7.21597548953e-05
   25   9.99925928555e-01   7.40588707449e-05
   26   9.99923932265e-01   7.60551682541e-05
   27   9.99921836314e-01   7.81511356443e-05
   28   9.99919638129e-01   8.03493845305e-05
   29   9.99917334812e-01   8.26526530734e-05
   30   9.99914923745e-01   8.50638093502e-05
   31   9.99912401635e-01   8.75858547592e-05
   32   9.99909765622e-01   9.02219277611e-05
   33   9.99907012171e-01   9.29753076023e-05
   34   9.99904138038e-01   9.58494183940e-05
   35   9.99901139627e-01   9.88478332290e-05
   36   9.99898013141e-01   1.01974278557e-04
   37   9.99894754744e-01   1.05232638754e-04
   38   9.99891360422e-01   1.08626960861e-04
   39   9.99887825859e-01   1.12161459531e-04
   40   9.99884146841e-01   1.15840522245e-04
   41   9.99880318597e-01   1.19668714625e-04
   42   9.99876336566e-01   1.23650786143e-04
   43   9.99872195633e-01   1.27791675889e-04
   44   9.99867890795e-01   1.32096518742e-04
   45   9.99863416704e-01   1.36570651672e-04
   46   9.99858767765e-01   1.41219620359e-04
   47   9.99853938234e-01   1.46049186096e-04
   48   9.99848922152e-01   1.51065332946e-04
   49   9.99843713269e-01   1.56274275189e-04
   50   9.99838305205e-01   1.61682465112e-04
   51   9.99832691165e-01   1.67296601047e-04
   52   9.99826864273e-01   1.73123635826e-04
   53   9.99820817236e-01   1.79170785484e-04
   54   9.99814542634e-01   1.85445538407e-04
   55   9.99808032703e-01   1.91955664770e-04
   56   9.99801279352e-01   1.98709226399e-04
   57   9.99794274196e-01   2.05714587034e-04
   58   9.99787008568e-01   2.12980423009e-04
   59   9.99779473503e-01   2.20515734357e-04
   60   9.99771659612e-01   2.28329856351e-04
   61   9.99763557240e-01   2.36432471565e-04
   62   9.99755156278e-01   2.44833622367e-04
   63   9.99746446350e-01   2.53543724000e-04
   64   9.99737416644e-01   2.62573578122e-04
   65   9.99728055986e-01   2.71934386962e-04
   66   9.99718352755e-01   2.81637768023e-04
   67   9.99708294840e-01   2.91695769404e-04
   68   9.99697869749e-01   3.02120885806e-04
   69   9.99687064648e-01   3.12926075191e-04
   70   9.99675865911e-01   3.24124775988e-04
   71   9.99664259782e-01   3.35730925374e-04
   72   9.99652231586e-01   3.47758977870e-04
   73   9.99639766520e-01   3.60223925239e-04
   74   9.99626848937e-01   3.73141316745e-04
   75   9.99613462770e-01   3.86527280664e-04
   76   9.99599591328e-01   4.00398546508e-04
   77   9.99585217152e-01   4.14772468239e-04
   78   9.99570322240e-01   4.29667048639e-04
   79   9.99554888146e-01   4.45100964714e-04
   80   9.99538895160e-01   4.61093593821e-04
   81   9.99522323535e-01   4.77665041868e-04
   82   9.99505152021e-01   4.94836171542e-04
   83   9.99487359328e-01   5.12628633209e-04
   84   9.99468922791e-01   5.31064895845e-04
   85   9.99449819193e-01   5.50168280461e-04
   86   9.99430024406e-01   5.69962994475e-04
   87   9.99409513140e-01   5.90474167702e-04
   88   9.99388259295e-01   6.11727890387e-04
   89   9.99366236122e-01   6.33751252922e-04
   90   9.99343414970e-01   6.56572386559e-04
   91   9.99319767172e-01   6.80220508059e-04
   92   9.99295261773e-01   7.04725963773e-04
   93   9.99269867790e-01   7.30120278898e-04
   94   9.99243552135e-01   7.56436206148e-04
   95   9.99216280906e-01   7.83707779192e-04
   96   9.99188018841e-01   8.11970367410e-04
   97   9.99158728937e-01   8.41260733471e-04
   98   9.99128372946e-01   8.71617094512e-04
   99   9.99096911584e-01   9.03079186216e-04
  100   9.99064302796e-01   9.35688328411e-04
  101   9.99030504367e-01   9.69487497968e-04
  102   9.98995470737e-01   1.00452140009e-03
  103   9.98959156141e-01   1.04083654936e-03
  104   9.98921511690e-01   1.07848134913e-03
  105   9.98882487178e-01   1.11750617978e-03
  106   9.98842030314e-01   1.15796348915e-03
  107   9.98800086166e-01   1.19990788788e-03
  108   9.98756597829e-01   1.24339625143e-03
  109   9.98711506655e-01   1.28848782707e-03
  110   9.98664749959e-01   1.33524434368e-03
  111   9.98616264435e-01   1.38373013485e-03
  112   9.98565981917e-01   1.43401225870e-03
  113   9.98513833497e-01   1.48616063597e-03
  114   9.98459745619e-01   1.54024818438e-03
  115   9.98403642468e-01   1.59635096990e-03
  116   9.98345444901e-01   1.65454836153e-03
  117   9.98285069693e-01   1.71492319524e-03
  118   9.98222430351e-01   1.77756195016e-03
  119   9.98157437333e-01   1.84255493402e-03
  120   9.98089995123e-01   1.90999647380e-03
  121   9.98020006478e-01   1.97998513081e-03
  122   9.97947367002e-01   2.05262391021e-03
  123   9.97871970295e-01   2.12802050378e-03
  124   9.97793702917e-01   2.20628752656e-03
  125   9.97712447373e-01   2.28754278458e-03
  126   9.97628080677e-01   2.37190954938e-03
  127   9.97540473306e-01   2.45951684989e-03
  128   9.97449490139e-01   2.55049978697e-03
  129   9.97354990584e-01   2.64499986555e-03
  130   9.97256824927e-01   2.74316533738e-03
  131   9.97154839383e-01   2.84515158820e-03
  132   9.97048869335e-01   2.95112151677e-03
  133   9.96938745500e-01   3.06124597431e-03
  134   9.96824287592e-01   3.17570419492e-03
  135   9.96705307864e-01   3.29468428301e-03
  136   9.96581609177e-01   3.41838371482e-03
  137   9.96452983537e-01   3.54700987293e-03
  138   9.96319213052e-01   3.68078062322e-03
  139   9.96180069819e-01   3.81992492544e-03
  140   9.96035311418e-01   3.96468346615e-03
  141   9.95884686617e-01   4.11530937184e-03
  142   9.95727927107e-01   4.27206891262e-03
  143   9.95564754516e-01   4.43524231411e-03
  144   9.95394872575e-01   4.60512455902e-03
  145   9.95217971054e-01   4.78202629214e-03
  146   9.95033723112e-01   4.96627475482e-03
  147   9.94841783206e-01   5.15821478217e-03
  148   9.94641787821e-01   5.35820987943e-03
  149   9.94433354833e-01   5.56664336216e-03
  150   9.94216077989e-01   5.78391954364e-03
  151   9.93989532836e-01   6.01046506408e-03
  152   9.93753266794e-01   6.24673021491e-03
  153   9.93506806547e-01   6.49319045311e-03
  154   9.93249648489e-01   6.75034790923e-03
  155   9.92981262615e-01   7.01873307950e-03
  156   9.92701088805e-01   7.29890657843e-03
  157   9.92408533709e-01   7.59146100785e-03
  158   9.92102970750e-01   7.89702297008e-03
  159   9.91783738495e-01   8.21625520004e-03
  160   9.91450133798e-01   8.54985879139e-03
  161   9.91101417150e-01   8.89857566719e-03
  162   9.90736800878e-01   9.26319106157e-03
  163   9.90355455971e-01   9.64453632455e-03
  164   9.89956500502e-01   1.00434917352e-02
  165   9.89539002646e-01   1.04609896304e-02
  166   9.89101975296e-01   1.08980176475e-02
  167   9.88644371265e-01   1.13556221731e-02
  168   9.88165081707e-01   1.18349120379e-02
  169   9.87662932669e-01   1.23370624201e-02
  170   9.87136676450e-01   1.28633189181e-02
  171   9.86584994962e-01   1.34150020190e-02
  172   9.86006485819e-01   1.39935116068e-02
  173   9.85399667016e-01   1.46003319825e-02
  174   9.84762962986e-01   1.52370369147e-02
  175   9.84094705375e-01   1.59052951851e-02
  176   9.83393125170e-01   1.66068763163e-02
  177   9.82656345292e-01   1.73436566134e-02
  178   9.81882376176e-01   1.81176255764e-02
  179   9.81069109469e-01   1.89308926152e-02
  180   9.80214307049e-01   1.97856940130e-02
  181   9.79315600511e-01   2.06844004285e-02
  182   9.78370475144e-01   2.16295244427e-02
  183   9.77376270392e-01   2.26237287833e-02
  184   9.76330163577e-01   2.36698345406e-02
  185   9.75229166874e-01   2.47708300067e-02
  186   9.74070116426e-01   2.59298796710e-02
  187   9.72849661777e-01   2.71503335259e-02
  188   9.71564257742e-01   2.84357367250e-02
  189   9.70210154885e-01   2.97898394739e-02
  190   9.68783386663e-01   3.12166070475e-02
  191   9.67279764031e-01   3.27202302164e-02
  192   9.65694859003e-01   3.43051354603e-02
  193   9.64024000257e-01   3.59759956334e-02
  194   9.62262256963e-01   3.77377402193e-02
  195   9.60404432663e-01   3.95955658298e-02
  196   9.58445053936e-01   4.15549463080e-02
  197   9.56378359633e-01   4.36216425024e-02
  198   9.54198292215e-01   4.58017116384e-02
  199   9.51898489372e-01   4.81015160514e-02
  200   9.49472275238e-01   5.05277310519e-02
  201   9.46912655208e-01   5.30873519028e-02
  202   9.44212308032e-01   5.57876993474e-02
  203   9.41363583768e-01   5.86364238616e-02
  204   9.38358499340e-01   6.16415078815e-02
  205   9.35188740007e-01   6.48112661471e-02
  206   9.31845661403e-01   6.81543434894e-02
  207   9.28320294097e-01   7.16797097686e-02
  208   9.24603351308e-01   7.53966515664e-02
  209   9.20685241209e-01   7.93147602814e-02
  210   9.16556084354e-01   8.34439161997e-02
  211   9.12205731952e-01   8.77942676489e-02
  212   9.07623794201e-01   9.23762054842e-02
  213   9.02799668581e-01   9.72003314482e-02
  214   8.97722579975e-01   1.02277420957e-01
  215   8.92381623088e-01   1.07618378841e-01
  216   8.86765814787e-01   1.13234188278e-01
  217   8.80864153044e-01   1.19135852094e-01
  218   8.74665681705e-01   1.25334325830e-01
  219   8.68159565972e-01   1.31840442825e-01
  220   8.61335179489e-01   1.38664831306e-01
  221   8.54182189944e-01   1.45817821349e-01
  222   8.46690667318e-01   1.53309345436e-01
  223   8.38851184668e-01   1.61148828052e-01
  224   8.30654942693e-01   1.69345069979e-01
  225   8.22093888852e-01   1.77906122978e-01
  226   8.13160850723e-01   1.86839159375e-01
  227   8.03849673051e-01   1.96150336077e-01
  228   7.94155354803e-01   2.05844653733e-01
  229   7.84074192143e-01   2.15925814479e-01
  230   7.73603925985e-01   2.26396080795e-01
  231   7.62743872989e-01   2.37256132621e-01
  232   7.51495072259e-01   2.48504934930e-01
  233   7.39860401515e-01   2.60139606125e-01
  234   7.27844705447e-01   2.72155304102e-01
  235   7.15454891532e-01   2.84545120021e-01
  236   7.02700020073e-01   2.97299992757e-01
  237   6.89591372041e-01   3.10408643005e-01
  238   6.76142488860e-01   3.23857528503e-01
  239   6.62369190544e-01   3.37630826851e-01
  240   6.48289569865e-01   3.51710449138e-01
  241   6.33923941223e-01   3.66076076379e-01
  242   6.19294779386e-01   3.80705238782e-01
  243   6.04426601750e-01   3.95573414208e-01
  244   5.89345842174e-01   4.10654172579e-01
  245   5.74080673621e-01   4.25919339720e-01
  246   5.58660812968e-01   4.41339197996e-01
  247   5.43117296786e-01   4.56882713064e-01
  248   5.27482228918e-01   4.72517780684e-01
  249   5.11788512382e-01   4.88211495816e-01
  250   4.96069569765e-01   5.03930440011e-01
  251   4.80359042105e-01   5.19640967344e-01
  252   4.64690500854e-01   5.35309511333e-01
  253   4.49097141966e-01   5.50902870758e-01
  254   4.33611505910e-01   5.66388508962e-01
  255   4.18265194090e-01   5.81734822882e-01
  256   4.03088611968e-01   5.96911405639e-01
  257   3.88110732290e-01   6.11889286146e-01
  258   3.73358880445e-01   6.26641138496e-01
  259   3.58858550889e-01   6.41141466473e-01
  260   3.44633256069e-01   6.55366761250e-01
  261   3.30704400065e-01   6.69295614465e-01
  262   3.17091195303e-01   6.82908818302e-01
  263   3.03810599472e-01   6.96189410756e-01
  264   2.90877295150e-01   7.09122713261e-01
  265   2.78303689008e-01   7.21696318125e-01
  266   2.66099944098e-01   7.33900061223e-01
  267   2.54274035820e-01   7.45725968648e-01
  268   2.42831827727e-01   7.57168176688e-01
  269   2.31777167313e-01   7.68222836689e-01
  270   2.21111998025e-01   7.78888007687e-01
  271   2.10836480133e-01   7.89163525908e-01
  272   2.00949125719e-01   7.99050882290e-01
  273   1.91446934168e-01   8.08553073907e-01
  274   1.82325536561e-01   8.17674472501e-01
  275   1.73579336322e-01   8.26420673650e-01
  276   1.65201651440e-01   8.34798358207e-01
  277   1.57184853194e-01   8.42815155681e-01
  278   1.49520499381e-01   8.50479508347e-01
  279   1.42199462118e-01   8.57800543675e-01
  280   1.35212048989e-01   8.64787955651e-01
  281   1.28548115355e-01   8.71451887044e-01
  282   1.22197170233e-01   8.77802830775e-01
  283   1.16148471674e-01   8.83851527034e-01
  284   1.10391115457e-01   8.89608882069e-01
  285   1.04914113515e-01   8.95085883597e-01
  286   9.97064649846e-02   9.00293531756e-01
  287   9.47572190081e-02   9.05242777649e-01
  288   9.00555295292e-02   9.09944467506e-01
  289   8.55907028584e-02   9.14409294921e-01
  290   8.13522384482e-02   9.18647760726e-01
  291   7.73298631099e-02   9.22670137227e-01
  292   7.35135596966e-02   9.26486441904e-01
  293   6.98935900576e-02   9.30106412235e-01
  294   6.64605134991e-02   9.33539489585e-01
  295   6.32052005556e-02   9.36794803309e-01
  296   6.01188430663e-02   9.39881161103e-01
  297   5.71929608106e-02   9.42807042964e-01
  298   5.44194050965e-02   9.45580597947e-01
  299   5.17903596584e-02   9.48209642647e-01
  300   4.92983392909e-02   9.50701661958e-01
  301   4.69361866336e-02   9.53063813547e-01
  302   4.46970671779e-02   9.55302931494e-01
  303   4.25744630513e-02   9.57425534255e-01
  304   4.05621655138e-02   9.59437830497e-01
  305   3.86542666700e-02   9.61345728481e-01
  306   3.68451503813e-02   9.63154844306e-01
  307   3.51294826701e-02   9.64870511479e-01
  308   3.35022017729e-02   9.66497792189e-01
  309   3.19585078443e-02   9.68041486674e-01
  310   3.04938525052e-02   9.69506142427e-01
  311   2.91039284684e-02   9.70896067506e-01
  312   2.77846589827e-02   9.72215337453e-01
  313   2.65321876095e-02   9.73467809745e-01
  314   2.53428679094e-02   9.74657129920e-01
  315   2.42132535384e-02   9.75786744736e-01
  316   2.31400884492e-02   9.76859910321e-01
  317   2.21202974008e-02   9.77879701228e-01
  318   2.11509768132e-02   9.78849021473e-01
  319   2.02293858646e-02   9.79770612315e-01
  320   1.93529379123e-02   9.80647059402e-01
  321   1.85191923477e-02   9.81480804524e-01
  322   1.77258466249e-02   9.82274148887e-01
  323   1.69707288193e-02   9.83029265889e-01
  324   1.62517903262e-02   9.83748203012e-01
  325   1.55670990669e-02   9.84432892973e-01
  326   1.49148329099e-02   9.85085158231e-01
  327   1.42932734410e-02   9.85706716559e-01
  328   1.37008000853e-02   9.86299189024e-01
  329   1.31358844822e-02   9.86864104400e-01
  330   1.25970851558e-02   9.87402903184e-01
  331   1.20830425313e-02   9.87916946172e-01
  332   1.15924741151e-02   9.88407514456e-01
  333   1.11241700627e-02   9.88875819319e-01
  334   1.06769888642e-02   9.89323000934e-01
  335   1.02498533868e-02   9.89750136978e-01
  336   9.84174706722e-03   9.90158244284e-01
  337   9.45171033748e-03   9.90548281700e-01
  338   9.07883728498e-03   9.90921155503e-01
  339   8.72227247396e-03   9.91277721378e-01
  340   8.38120795602e-03   9.91618786361e-01
  341   8.05488049238e-03   9.91945114797e-01
  342   7.74256887735e-03   9.92257426618e-01
  343   7.44359149662e-03   9.92556404777e-01
  344   7.15730395211e-03   9.92842692403e-01
  345   6.88309690170e-03   9.93116899380e-01
  346   6.62039398134e-03   9.93379602389e-01
  347   6.36864986310e-03   9.93631346155e-01
  348   6.12734844732e-03   9.93872647149e-01
  349   5.89600114474e-03   9.94103994180e-01
  350   5.67414526590e-03   9.94325849244e-01
  351   5.46134252779e-03   9.94538651635e-01
  352   5.25717761567e-03   9.94742815653e-01
  353   5.06125687593e-03   9.94938736152e-01
  354   4.87320704261e-03   9.95126785301e-01
  355   4.69267408438e-03   9.95307317637e-01
  356   4.51932209322e-03   9.95480669363e-01
  357   4.35283224731e-03   9.95647158783e-01
  358   4.19290184674e-03   9.95807088897e-01
  359   4.03924339631e-03   9.95960747318e-01
  360   3.89158374652e-03   9.96108406630e-01
  361   3.74966329656e-03   9.96250327226e-01
  362   3.61323522621e-03   9.96386755085e-01
  363   3.48206479818e-03   9.96517925898e-01
  364   3.35592867677e-03   9.96644062038e-01
  365   3.23461431203e-03   9.96765376451e-01
  366   3.11791934432e-03   9.96882071718e-01
  367   3.00565104834e-03   9.96994340109e-01
  368   2.89762581604e-03   9.97102365462e-01
  369   2.79366866341e-03   9.97206322804e-01
  370   2.69361276859e-03   9.97306378534e-01
  371   2.59729904199e-03   9.97402692361e-01
  372   2.50457571168e-03   9.97495415427e-01
  373   2.41529794593e-03   9.97584693330e-01
  374   2.32932748383e-03   9.97670663571e-01
  375   2.24653230099e-03   9.97753458519e-01
  376   2.16678628531e-03   9.97833204486e-01
  377   2.08996893367e-03   9.97910021628e-01
  378   2.01596506915e-03   9.97984025323e-01
  379   1.94466457059e-03   9.98055325707e-01
  380   1.87596211891e-03   9.98124027812e-01
  381   1.80975695994e-03   9.98190232864e-01
  382   1.74595267557e-03   9.98254036825e-01
  383   1.68445697431e-03   9.98315532577e-01
  384   1.62518148617e-03   9.98374807895e-01
  385   1.56804157626e-03   9.98431947688e-01
  386   1.51295616345e-03   9.98487033193e-01
  387   1.45984755033e-03   9.98540141834e-01
  388   1.40864126401e-03   9.98591348233e-01
  389   1.35926590349e-03   9.98640723769e-01
  390   1.31165299605e-03   9.98688336714e-01
  391   1.26573686233e-03   9.98734253079e-01
  392   1.22145448603e-03   9.98778535551e-01
  393   1.17874539385e-03   9.98821245026e-01
  394   1.13755153793e-03   9.98862439091e-01
  395   1.09781718829e-03   9.98902173677e-01
  396   1.05948882807e-03   9.98940502410e-01
  397   1.02251505482e-03   9.98977476479e-01
  398   9.86846487758e-04   9.99013145366e-01
  399   9.52435678575e-04   9.99047556477e-01
  400   9.19237027249e-04   9.99080755277e-01
  401   8.87206702447e-04   9.99112785827e-01
  402   8.56302564720e-04   9.99143690042e-01
  403   8.26484095078e-04   9.99173508743e-01
  404   7.97712325222e-04   9.99202280564e-01
  405   7.69949773087e-04   9.99230043144e-01
  406   7.43160380108e-04   9.99256832629e-01
  407   7.17309451831e-04   9.99282683572e-01
  408   6.92363601805e-04   9.99307629438e-01
  409   6.68290697554e-04   9.99331702323e-01
  410   6.45059809376e-04   9.99354933086e-01
  411   6.22641161647e-04   9.99377351659e-01
  412   6.01006085874e-04   9.99398986578e-01
  413   5.80126976627e-04   9.99419865649e-01
  414   5.59977248636e-04   9.99440015226e-01
  415   5.40531296745e-04   9.99459461023e-01
  416   5.21764456987e-04   9.99478227768e-01
  417   5.03652969582e-04   9.99496339127e-01
  418   4.86173943770e-04   9.99513818034e-01
  419   4.69305323954e-04   9.99530686508e-01
  420   4.53025857464e-04   9.99546965771e-01
  421   4.37315063741e-04   9.99562676398e-01
  422   4.22153204678e-04   9.99577838060e-01
  423   4.07521256517e-04   9.99592469903e-01
  424   3.93400882602e-04   9.99606590118e-01
  425   3.79774407682e-04   9.99620216452e-01
  426   3.66624793006e-04   9.99633365994e-01
  427   3.53935612536e-04   9.99646055118e-01
  428   3.41691030240e-04   9.99658299674e-01
  429   3.29875778234e-04   9.99670114902e-01
  430   3.18475135883e-04   9.99681515508e-01
  431   3.07474909762e-04   9.99692515734e-01
  432   2.96861414372e-04   9.99703129233e-01
  433   2.86621453745e-04   9.99713369254e-01
  434   2.76742303676e-04   9.99723248436e-01
  435   2.67211694811e-04   9.99732779075e-01
  436   2.58017796314e-04   9.99741973036e-01
  437   2.49149200204e-04   9.99750841707e-01
  438   2.40594906346e-04   9.99759396075e-01
  439   2.32344308029e-04   9.99767646731e-01
  440   2.24387178118e-04   9.99775603905e-01
  441   2.16713655747e-04   9.99783277483e-01
  442   2.09314233531e-04   9.99790676973e-01
  443   2.02179745300e-04   9.99797811553e-01
  444   1.95301354292e-04   9.99804690026e-01
  445   1.88670541836e-04   9.99811320914e-01
  446   1.82279096465e-04   9.99817712447e-01
  447   1.76119103438e-04   9.99823872547e-01
  448   1.70182934690e-04   9.99829808801e-01
  449   1.64463239174e-04   9.99835528555e-01
  450   1.58952933581e-04   9.99841038898e-01
  451   1.53645193404e-04   9.99846346655e-01
  452   1.48533444370e-04   9.99851458422e-01
  453   1.43611354191e-04   9.99856380506e-01
  454   1.38872824652e-04   9.99861119019e-01
  455   1.34311983994e-04   9.99865679812e-01
  456   1.29923179614e-04   9.99870068557e-01
  457   1.25700971036e-04   9.99874290732e-01
  458   1.21640123148e-04   9.99878351515e-01
  459   1.17735599749e-04   9.99882255959e-01
  460   1.13982557310e-04   9.99886008918e-01
  461   1.10376339003e-04   9.99889615046e-01
  462   1.06912468969e-04   9.99893078850e-01
  463   1.03586646805e-04   9.99896404585e-01
  464   1.00394742300e-04   9.99899596426e-01
  465   9.73327903556e-05   9.99902658297e-01
  466   9.43969861439e-05   9.99905594014e-01
  467   9.15836804541e-05   9.99908407278e-01
  468   8.88893752206e-05   9.99911101514e-01
  469   8.63107192774e-05   9.99913680103e-01
  470   8.38445042630e-05   9.99916146259e-01
  471   8.14876607160e-05   9.99918503044e-01
  472   7.92372543476e-05   9.99920753430e-01
  473   7.70904824658e-05   9.99922900159e-01
  474   7.50446705911e-05   9.99924945975e-01
  475   7.30972691932e-05   9.99926893371e-01
  476   7.12458506166e-05   9.99928744783e-01
  477   6.94881061394e-05   9.99930502582e-01
  478   6.78218431656e-05   9.99932168873e-01
  479   6.62449825932e-05   9.99933745777e-01
  480   6.47555562898e-05   9.99935235260e-01
  481   6.33517047179e-05   9.99936639168e-01
  482   6.20316746939e-05   9.99937959289e-01
  483   6.07938172633e-05   9.99939197203e-01
  484   5.96365857283e-05   9.99940354540e-01
  485   5.85585337652e-05   9.99941432678e-01
  486   5.75583136946e-05   9.99942432967e-01
  487   5.66346748582e-05   9.99943356730e-01
  488   5.57864620997e-05   9.99944205025e-01
  489   5.50126143925e-05   9.99944978968e-01
  490   5.43121635505e-05   9.99945679514e-01
  491   5.36842330681e-05   9.99946307533e-01
  492   5.31280370671e-05   9.99946863841e-01
  493   5.26428793451e-05   9.99947349064e-01
  494   5.22281525521e-05   9.99947763903e-01
  495   5.18833374434e-05   9.99948108805e-01
  496   5.16080022682e-05   9.99948384202e-01
  497   5.14018022508e-05   9.99948590513e-01
  498   5.12644791633e-05   9.99948727901e-01
  499   5.11958610331e-05   9.99948796601e-01
  500   5.11958619234e-05   9.99948796679e-01
  501   5.12644818352e-05   9.99948728135e-01
  502   5.14018067078e-05   9.99948590906e-01
  503   5.16080085159e-05   9.99948384756e-01
  504   5.18833454896e-05   9.99948109524e-01
  505   5.22281624070e-05   9.99947764793e-01
  506   5.26428910211e-05   9.99947350130e-01
  507   5.31280505788e-05   9.99946865089e-01
  508   5.36842484323e-05   9.99946308969e-01
  509   5.43121807864e-05   9.99945681143e-01
  510   5.50126335215e-05   9.99944980795e-01
  511   5.57864831455e-05   9.99944207055e-01
  512   5.66346978469e-05   9.99943358966e-01
  513   5.75583386545e-05   9.99942435412e-01
  514   5.85585607271e-05   9.99941435331e-01
  515   5.96366147253e-05   9.99940357401e-01
  516   6.07938483307e-05   9.99939200269e-01
  517   6.20317078697e-05   9.99937962556e-01
  518   6.33517400425e-05   9.99936642629e-01
  519   6.47555938060e-05   9.99935238907e-01
  520   6.62450223463e-05   9.99933749600e-01
  521   6.78218852035e-05   9.99932172857e-01
  522   6.94881505125e-05   9.99930506710e-01
  523   7.12458973781e-05   9.99928749037e-01
  524   7.30973183989e-05   9.99926897730e-01
  525   7.50447222993e-05   9.99924950414e-01
  526   7.70905367380e-05   9.99922904654e-01
  527   7.92373112480e-05   9.99920757954e-01
  528   8.14877203115e-05   9.99918507569e-01
  529   8.38445666241e-05   9.99916150757e-01
  530   8.63107844774e-05   9.99913684545e-01
  531   8.88894433362e-05   9.99911105872e-01
  532   9.15837515655e-05   9.99908411524e-01
  533   9.43970603347e-05   9.99905598122e-01
  534   9.73328677131e-05   9.99902662244e-01
  535   1.00394822915e-04   9.99899600188e-01
  536   1.03586730773e-04   9.99896408141e-01
  537   1.06912556388e-04   9.99893082182e-01
  538   1.10376429977e-04   9.99889618138e-01
  539   1.13982651947e-04   9.99886011760e-01
  540   1.17735698160e-04   9.99882258541e-01
  541   1.21640225451e-04   9.99878353835e-01
  542   1.25701077353e-04   9.99874292793e-01
  543   1.29923290074e-04   9.99870070370e-01
  544   1.34312098729e-04   9.99865681391e-01
  545   1.38872943802e-04   9.99861120388e-01
  546   1.43611477902e-04   9.99856381695e-01
  547   1.48533572794e-04   9.99851459467e-01
  548   1.53645326700e-04   9.99846347599e-01
  549   1.58953071915e-04   9.99841039786e-01
  550   1.64463382719e-04   9.99835529436e-01
  551   1.70183083625e-04   9.99829809725e-01
  552   1.76119257950e-04   9.99823873564e-01
  553   1.82279256747e-04   9.99817713608e-01
  554   1.88670708090e-04   9.99811322266e-01
  555   1.95301526724e-04   9.99804691616e-01
  556   2.02179924127e-04   9.99797813422e-01
  557   2.09314418976e-04   9.99790679161e-01
  558   2.16713848042e-04   9.99783280026e-01
  559   2.24387377503e-04   9.99775606835e-01
  560   2.32344514751e-04   9.99767650076e-01
  561   2.40595120661e-04   9.99759399861e-01
  562   2.49149422379e-04   9.99750845954e-01
  563   2.58018026623e-04   9.99741977757e-01
  564   2.67211933538e-04   9.99732784279e-01
  565   2.76742551111e-04   9.99723254121e-01
  566   2.86621710189e-04   9.99713375413e-01
  567   2.96861680135e-04   9.99703135844e-01
  568   3.07475185160e-04   9.99692522768e-01
  569   3.18475421243e-04   9.99681522922e-01
  570   3.29876073888e-04   9.99670122645e-01
  571   3.41691336532e-04   9.99658307684e-01
  572   3.53935929817e-04   9.99646063326e-01
  573   3.66625121640e-04   9.99633374325e-01
  574   3.79774748042e-04   9.99620224830e-01
  575   3.93401235077e-04   9.99606598465e-01
  576   4.07521621507e-04   9.99592478144e-01
  577   4.22153582599e-04   9.99577846125e-01
  578   4.37315455026e-04   9.99562684223e-01
  579   4.53026262566e-04   9.99546973300e-01
  580   4.69305743343e-04   9.99530693696e-01
  581   4.86174377937e-04   9.99513824842e-01
  582   5.03653419041e-04   9.99496345530e-01
  583   5.21764922274e-04   9.99478233746e-01
  584   5.40531778418e-04   9.99459466568e-01
  585   5.59977747280e-04   9.99440020340e-01
  586   5.80127492851e-04   9.99419870340e-01
  587   6.01006620318e-04   9.99398990867e-01
  588   6.22641714976e-04   9.99377355574e-01
  589   6.45060382287e-04   9.99354936664e-01
  590   6.68291290777e-04   9.99331705613e-01
  591   6.92364216104e-04   9.99307632497e-01
  592   7.17310088006e-04   9.99282686467e-01
  593   7.43161038997e-04   9.99256835434e-01
  594   7.69950455567e-04   9.99230045941e-01
  595   7.97713032209e-04   9.99202283443e-01
  596   8.26484827527e-04   9.99173511792e-01
  597   8.56303323629e-04   9.99143693353e-01
  598   8.87207488849e-04   9.99112789487e-01
  599   9.19237842219e-04   9.99080759368e-01
  600   9.52436523224e-04   9.99047561072e-01
  601   9.86847363233e-04   9.99013150525e-01
  602   1.02251596230e-03   9.98977482250e-01
  603   1.05948976878e-03   9.98940508823e-01
  604   1.09781816347e-03   9.98902180746e-01
  605   1.13755254887e-03   9.98862446814e-01
  606   1.17874644186e-03   9.98821253385e-01
  607   1.22145557249e-03   9.98778544512e-01
  608   1.26573798862e-03   9.98734262596e-01
  609   1.31165416361e-03   9.98688346727e-01
  610   1.35926711381e-03   9.98640734212e-01
  611   1.40864251864e-03   9.98591359030e-01
  612   1.45984885086e-03   9.98540152910e-01
  613   1.51295751154e-03   9.98487044469e-01
  614   1.56804297364e-03   9.98431959086e-01
  615   1.62518293464e-03   9.98374819340e-01
  616   1.68445847576e-03   9.98315544000e-01
  617   1.74595423197e-03   9.98254048162e-01
  618   1.80975857336e-03   9.98190244058e-01
  619   1.87596379152e-03   9.98124038816e-01
  620   1.94466630468e-03   9.98055336483e-01
  621   2.01596686710e-03   9.97984035842e-01
  622   2.08997079802e-03   9.97910031875e-01
  623   2.16678821870e-03   9.97833214456e-01
  624   2.24653430623e-03   9.97753468221e-01
  625   2.32932956387e-03   9.97670673025e-01
  626   2.41530010389e-03   9.97584702570e-01
  627   2.50457795085e-03   9.97495424494e-01
  628   2.59730136583e-03   9.97402701309e-01
  629   2.69361518076e-03   9.97306387421e-01
  630   2.79367116773e-03   9.97206331693e-01
  631   2.89762841653e-03   9.97102374417e-01
  632   3.00565374921e-03   9.96994349188e-01
  633   3.11792214996e-03   9.96882080974e-01
  634   3.23461722702e-03   9.96765385922e-01
  635   3.35593170586e-03   9.96644071749e-01
  636   3.48206794628e-03   9.96517935856e-01
  637   3.61323849845e-03   9.96386765276e-01
  638   3.74966669822e-03   9.96250337617e-01
  639   3.89158728309e-03   9.96108417168e-01
  640   4.03924707348e-03   9.95960757933e-01
  641   4.19290567042e-03   9.95807099504e-01
  642   4.35283622366e-03   9.95647169286e-01
  643   4.51932622871e-03   9.95480679663e-01
  644   4.69267838578e-03   9.95307327632e-01
  645   4.87321151707e-03   9.95126794896e-01
  646   5.06126153101e-03   9.94938745263e-01
  647   5.25718245938e-03   9.94742824210e-01
  648   5.46134756867e-03   9.94538659586e-01
  649   5.67415051302e-03   9.94325856556e-01
  650   5.89600660781e-03   9.94104000843e-01
  651   6.12735413670e-03   9.93872653177e-01
  652   6.36865578986e-03   9.93631351584e-01
  653   6.62040015729e-03   9.93379607278e-01
  654   6.88310333945e-03   9.93116903806e-01
  655   7.15731066512e-03   9.92842696462e-01
  656   7.44359849924e-03   9.92556408580e-01
  657   7.74257618483e-03   9.92257430286e-01
  658   8.05488812092e-03   9.91945118457e-01
  659   8.38121592279e-03   9.91618790143e-01
  660   8.72228079715e-03   9.91277725405e-01
  661   9.07884598375e-03   9.90921159887e-01
  662   9.45171943199e-03   9.90548286536e-01
  663   9.84175657862e-03   9.90158249639e-01
  664   1.02498633373e-02   9.89750142890e-01
  665   1.06769992767e-02   9.89323007402e-01
  666   1.11241809613e-02   9.88875826299e-01
  667   1.15924855248e-02   9.88407521858e-01
  668   1.20830544780e-02   9.87916953862e-01
  669   1.25970976663e-02   9.87402910983e-01
  670   1.31358975846e-02   9.86864112090e-01
  671   1.37008138089e-02   9.86299196354e-01
  672   1.42932878162e-02   9.85706723253e-01
  673   1.49148479689e-02   9.85085164001e-01
  674   1.55671148436e-02   9.84432897534e-01
  675   1.62518068567e-02   9.83748206089e-01
  676   1.69707461421e-02   9.83029267233e-01
  677   1.77258647815e-02   9.82274148287e-01
  678   1.85192113826e-02   9.81480801814e-01
  679   1.93529578737e-02   9.80647054472e-01
  680   2.02294068048e-02   9.79770605109e-01
  681   2.11509987884e-02   9.78849011996e-01
  682   2.21203204721e-02   9.77879689534e-01
  683   2.31401126823e-02   9.76859896514e-01
  684   2.42132790038e-02   9.75786728955e-01
  685   2.53428946827e-02   9.74657112326e-01
  686   2.65322157711e-02   9.73467790512e-01
  687   2.77846886179e-02   9.72215316748e-01
  688   2.91039596674e-02   9.70896045477e-01
  689   3.04938853625e-02   9.69506119192e-01
  690   3.19585424590e-02   9.68041462308e-01
  691   3.35022382485e-02   9.66497766714e-01
  692   3.51295211139e-02   9.64870484860e-01
  693   3.68451909048e-02   9.63154816450e-01
  694   3.86543093889e-02   9.61345699237e-01
  695   4.05622105480e-02   9.59437799660e-01
  696   4.25745105252e-02   9.57425501576e-01
  697   4.46971172207e-02   9.55302896693e-01
  698   4.69362393802e-02   9.53063776320e-01
  699   4.92983948823e-02   9.50701621996e-01
  700   5.17904182426e-02   9.48209599646e-01
  701   5.44194668290e-02   9.45580551620e-01
  702   5.71930258559e-02   9.42806993054e-01
  703   6.01189115977e-02   9.39881107387e-01
  704   6.32052727566e-02   9.36794745604e-01
  705   6.64605895635e-02   9.33539427745e-01
  706   6.98936701893e-02   9.30106346148e-01
  707   7.35136441096e-02   9.26486371483e-01
  708   7.73299520275e-02   9.22670062398e-01
  709   8.13523321017e-02   9.18647681415e-01
  710   8.55908014856e-02   9.14409211037e-01
  711   9.00556333720e-02   9.09944378929e-01
  712   9.47573283108e-02   9.05242684215e-01
  713   9.97065799911e-02   9.00293433251e-01
  714   1.04914234466e-01   8.95085779749e-01
  715   1.10391242590e-01   8.89608772550e-01
  716   1.16148605218e-01   8.83851411466e-01
  717   1.22197310409e-01   8.77802708744e-01
  718   1.28548262375e-01   8.71451758114e-01
  719   1.35212203059e-01   8.64787819386e-01
  720   1.42199623433e-01   8.57800399662e-01
  721   1.49520668130e-01   8.50479356216e-01
  722   1.57185029560e-01   8.42814995122e-01
  723   1.65201835600e-01   8.34798188986e-01
  724   1.73579528449e-01   8.26420495616e-01
  725   1.82325736823e-01   8.17674285584e-01
  726   1.91447142719e-01   8.08552878110e-01
  727   2.00949342703e-01   7.99050677681e-01
  728   2.10836705673e-01   7.89163312594e-01
  729   2.21112232214e-01   7.78887785801e-01
  730   2.31777410205e-01   7.68222606364e-01
  731   2.42832079328e-01   7.57167938046e-01
  732   2.54274296079e-01   7.45725721787e-01
  733   2.66100212898e-01   7.33899806217e-01
  734   2.78303966161e-01   7.21696055031e-01
  735   2.90877580397e-01   7.09122442134e-01
  736   3.03810892486e-01   6.96189131670e-01
  737   3.17091495695e-01   6.82908531377e-01
  738   3.30704707393e-01   6.69295319891e-01
  739   3.44633569855e-01   6.55366459311e-01
  740   3.58858870628e-01   6.41141157563e-01
  741   3.73359205620e-01   6.26640823125e-01
  742   3.88111062380e-01   6.11888964942e-01
  743   4.03088946457e-01   5.96911079329e-01
  744   4.18265532462e-01   5.81734492276e-01
  745   4.33611847647e-01   5.66388174925e-01
  746   4.49097486535e-01   5.50902534177e-01
  747   4.64690847696e-01   5.35309173088e-01
  748   4.80359390619e-01   5.19640628284e-01
  749   4.96069919297e-01   5.03930100936e-01
  750   5.11788862214e-01   4.88211157462e-01
  751   5.27482578271e-01   4.72517443724e-01
  752   5.43117644825e-01   4.56882378113e-01
  753   5.58661158818e-01   4.41338865622e-01
  754   5.74081016391e-01   4.25919010456e-01
  755   5.89346180984e-01   4.10653846939e-01
  756   6.04426935762e-01   3.95573092700e-01
  757   6.19295107836e-01   3.80704921916e-01
  758   6.33924263445e-01   3.66075764667e-01
  759   6.48289885306e-01   3.51710143096e-01
  760   6.62369498775e-01   3.37630526989e-01
  761   6.76142789569e-01   3.23857235311e-01
  762   6.89591665023e-01   3.10408356942e-01
  763   7.02700305209e-01   2.97299714235e-01
  764   7.15455168759e-01   2.84544849396e-01
  765   7.27844974737e-01   2.72155041663e-01
  766   7.39860662844e-01   2.60139352090e-01
  767   7.51495325592e-01   2.48504689443e-01
  768   7.62744118262e-01   2.37255895756e-01
  769   7.73604163109e-01   2.26395852565e-01
  770   7.84074421002e-01   2.15925594842e-01
  771   7.94155575274e-01   2.05844442604e-01
  772   8.03849885020e-01   1.96150133335e-01
  773   8.13161054103e-01   1.86838964878e-01
  774   8.22094083609e-01   1.77905936564e-01
  775   8.30655128857e-01   1.69344891479e-01
  776   8.38851362350e-01   1.61148657287e-01
  777   8.46690836711e-01   1.53309182225e-01
  778   8.54182351320e-01   1.45817665505e-01
  779   8.61335333188e-01   1.38664682639e-01
  780   8.68159712380e-01   1.31840301138e-01
  781   8.74665821241e-01   1.25334190917e-01
  782   8.80864286129e-01   1.19135723744e-01
  783   8.86765941825e-01   1.13234066269e-01
  784   8.92381744443e-01   1.07618262943e-01
  785   8.97722695962e-01   1.02277310932e-01
  786   9.02799779451e-01   9.72002270535e-02
  787   9.07623900148e-01   9.23761064734e-02
  788   9.12205833110e-01   8.77941737745e-02
  789   9.16556180810e-01   8.34438272161e-02
  790   9.20685333020e-01   7.93146759477e-02
  791   9.24603438517e-01   7.53965716485e-02
  792   9.28320376751e-01   7.16796340410e-02
  793   9.31845739571e-01   6.81542717367e-02
  794   9.35188813791e-01   6.48111981646e-02
  795   9.38358568888e-01   6.16414434760e-02
  796   9.41363649280e-01   5.86363628508e-02
  797   9.44212369758e-01   5.57876415598e-02
  798   9.46912713443e-01   5.30872971766e-02
  799   9.49472330313e-01   5.05276792340e-02
  800   9.51898541640e-01   4.81014669967e-02
  801   9.54198342035e-01   4.58016652084e-02
  802   9.56378407355e-01   4.36215985646e-02
  803   9.58445099883e-01   4.15549047350e-02
  804   9.60404477119e-01   3.95955264987e-02
  805   9.62262300159e-01   3.77377030114e-02
  806   9.64024042365e-01   3.59759604339e-02
  807   9.65694900129e-01   3.43051021584e-02
  808   9.67279804221e-01   3.27201987050e-02
  809   9.68783425900e-01   3.12165772237e-02
  810   9.70210193102e-01   2.97898112391e-02
  811   9.71564294834e-01   2.84357099853e-02
  812   9.72849697609e-01   2.71503081921e-02
  813   9.74070150856e-01   2.59298556589e-02
  814   9.75229199759e-01   2.47708072371e-02
  815   9.76330194795e-01   2.36698129396e-02
  816   9.77376299850e-01   2.26237082822e-02
  817   9.78370502789e-01   2.16295049774e-02
  818   9.79315626338e-01   2.06843819400e-02
  819   9.80214331102e-01   1.97856764466e-02
  820   9.81069131846e-01   1.89308759205e-02
  821   9.81882397021e-01   1.81176097066e-02
  822   9.82656364792e-01   1.73436415254e-02
  823   9.83393143547e-01   1.66068619697e-02
  824   9.84094722875e-01   1.59052815424e-02
  825   9.84762979866e-01   1.52370239406e-02
  826   9.85399683534e-01   1.46003196436e-02
  827   9.86006502220e-01   1.39934998716e-02
  828   9.86585011467e-01   1.34149908575e-02
  829   9.87136693244e-01   1.28633083013e-02
  830   9.87662949894e-01   1.23370523203e-02
  831   9.88165099456e-01   1.18349024284e-02
  832   9.88644389579e-01   1.13556130281e-02
  833   9.89101994163e-01   1.08980089423e-02
  834   9.89539022003e-01   1.04609813411e-02
  835   9.89956520240e-01   1.00434838390e-02
  836   9.90355475940e-01   9.64452879939e-03
  837   9.90736820898e-01   9.26318388662e-03
  838   9.91101437020e-01   8.89856882261e-03
  839   9.91450153304e-01   8.54985225844e-03
  840   9.91783757424e-01   8.21624896107e-03
  841   9.92102988896e-01   7.89701700856e-03
  842   9.92408550884e-01   7.59145530832e-03
  843   9.92701104850e-01   7.29890112657e-03
  844   9.92981277402e-01   7.01872786200e-03
  845   9.93249661931e-01   6.75034291380e-03
  846   9.93506818599e-01   6.49318566844e-03
  847   9.93753277457e-01   6.24672563056e-03
  848   9.93989542155e-01   6.01046067044e-03
  849   9.94216086054e-01   5.78391533188e-03
  850   9.94433361773e-01   5.56663932411e-03
  851   9.94641793801e-01   5.35820600752e-03
  852   9.94841788421e-01   5.15821106937e-03
  853   9.95033727777e-01   4.96627119456e-03
  854   9.95217975401e-01   4.78202287824e-03
  855   9.95394876839e-01   4.60512128562e-03
  856   9.95564758932e-01   4.43523917563e-03
  857   9.95727931898e-01   4.27206590371e-03
  858   9.95884691989e-01   4.11530648733e-03
  859   9.96035317551e-01   3.96468070105e-03
  860   9.96180076864e-01   3.81992227487e-03
  861   9.96319221127e-01   3.68077808245e-03
  862   9.96452992721e-01   3.54700743731e-03
  863   9.96581619513e-01   3.41838137983e-03
  864   9.96705319355e-01   3.29468204424e-03
  865   9.96824300205e-01   3.17570204807e-03
  866   9.96938759167e-01   3.06124391520e-03
  867   9.97048883956e-01   2.95111954134e-03
  868   9.97154854831e-01   2.84514969252e-03
  869   9.97256841052e-01   2.74316351770e-03
  870   9.97355007220e-01   2.64499811823e-03
  871   9.97449507106e-01   2.55049810854e-03
  872   9.97540490419e-01   2.45951523706e-03
  873   9.97628097752e-01   2.37190799901e-03
  874   9.97712464230e-01   2.28754129371e-03
  875   9.97793719387e-01   2.20628609239e-03
  876   9.97871986223e-01   2.12801912369e-03
  877   9.97947382253e-01   2.05262258174e-03
  878   9.98020020940e-01   1.97998385165e-03
  879   9.98090008709e-01   1.90999524181e-03
  880   9.98157449983e-01   1.84255374720e-03
  881   9.98222442033e-01   1.77756080663e-03
  882   9.98285080401e-01   1.71492209328e-03
  883   9.98345454657e-01   1.65454729950e-03
  884   9.98403651317e-01   1.59634994629e-03
  885   9.98459753630e-01   1.54024719776e-03
  886   9.98513840756e-01   1.48615968500e-03
  887   9.98565988530e-01   1.43401134212e-03
  888   9.98616270520e-01   1.38372925144e-03
  889   9.98664755643e-01   1.33524349232e-03
  890   9.98711512074e-01   1.28848700665e-03
  891   9.98756603122e-01   1.24339546091e-03
  892   9.98800091472e-01   1.19990712625e-03
  893   9.98842035767e-01   1.15796275543e-03
  894   9.98882492908e-01   1.11750547303e-03
  895   9.98921517815e-01   1.07848066843e-03
  896   9.98959162767e-01   1.04083589381e-03
  897   9.98995477955e-01   1.00452076880e-03
  898   9.99030512251e-01   9.69486890096e-04
  899   9.99064311402e-01   9.35687743106e-04
  900   9.99096920950e-01   9.03078622652e-04
  901   9.99128383088e-01   8.71616551882e-04
  902   9.99158739855e-01   8.41260210986e-04
  903   9.99188030518e-01   8.11969864300e-04
  904   9.99216293308e-01   7.83707294709e-04
  905   9.99243565216e-01   7.56435739566e-04
  906   9.99269881491e-01   7.30119829511e-04
  907   9.99295276027e-01   7.04725530900e-04
  908   9.99319781903e-01   6.80220091044e-04
  909   9.99343430098e-01   6.56571984769e-04
  910   9.99366251564e-01   6.33750865749e-04
  911   9.99388274965e-01   6.11727517250e-04
  912   9.99409528953e-01   5.90473808042e-04
  913   9.99430040280e-01   5.69962647756e-04
  914   9.99449835049e-01   5.50167946175e-04
  915   9.99468938553e-01   5.31064573502e-04
  916   9.99487374927e-01   5.12628322344e-04
  917   9.99505167395e-01   4.94835871711e-04
  918   9.99522338630e-01   4.77664752648e-04
  919   9.99538909931e-01   4.61093314811e-04
  920   9.99554902561e-01   4.45100695529e-04
  921   9.99570336275e-01   4.29666788916e-04
  922   9.99585230796e-01   4.14772217632e-04
  923   9.99599604579e-01   4.00398304687e-04
  924   9.99613475639e-01   3.86527047315e-04
  925   9.99626861442e-01   3.73141091569e-04
  926   9.99639778691e-01   3.60223707949e-04
  927   9.99652243457e-01   3.47758768191e-04
  928   9.99664271393e-01   3.35730723045e-04
  929   9.99675877308e-01   3.24124580753e-04
  930   9.99687075877e-01   3.12925886807e-04
  931   9.99697880861e-01   3.02120704038e-04
  932   9.99708305883e-01   2.91695594024e-04
  933   9.99718363777e-01   2.81637598810e-04
  934   9.99728067034e-01   2.71934223703e-04
  935   9.99737427763e-01   2.62573420610e-04
  936   9.99746457580e-01   2.53543572035e-04
  937   9.99755167657e-01   2.44833475754e-04
  938   9.99763568804e-01   2.36432330115e-04
  939   9.99771671392e-01   2.28329719881e-04
  940   9.99779485526e-01   2.20515602690e-04
  941   9.99787020857e-01   2.12980295972e-04
  942   9.99794286770e-01   2.05714464460e-04
  943   9.99801292224e-01   1.98709108126e-04
  944   9.99808045882e-01   1.91955550641e-04
  945   9.99814556124e-01   1.85445428269e-04
  946   9.99820831034e-01   1.79170679189e-04
  947   9.99826878372e-01   1.73123533229e-04
  948   9.99832705552e-01   1.67296502008e-04
  949   9.99838319862e-01   1.61682369496e-04
  950   9.99843728176e-01   1.56274182864e-04
  951   9.99848937285e-01   1.51065243786e-04
  952   9.99853953566e-01   1.46049099977e-04
  953   9.99858783270e-01   1.41219537162e-04
  954   9.99863432355e-01   1.36570571283e-04
  955   9.99867906567e-01   1.32096441051e-04
  956   9.99872211502e-01   1.27791600789e-04
  957   9.99876352511e-01   1.23650713532e-04
  958   9.99880334598e-01   1.19668644403e-04
  959   9.99884162880e-01   1.15840454317e-04
  960   9.99887841923e-01   1.12161393806e-04
  961   9.99891376494e-01   1.08626897248e-04
  962   9.99894770813e-01   1.05232577168e-04
  963   9.99898029194e-01   1.01974218916e-04
  964   9.99901155652e-01   9.88477754511e-05
  965   9.99904154024e-01   9.58493624011e-05
  966   9.99907028105e-01   9.29752533188e-05
  967   9.99909781497e-01   9.02218751136e-05
  968   9.99912417441e-01   8.75858036766e-05
  969   9.99914939475e-01   8.50637597636e-05
  970   9.99917350464e-01   8.26526049163e-05
  971   9.99919653702e-01   8.03493377381e-05
  972   9.99921851812e-01   7.81510901541e-05
  973   9.99923947694e-01   7.60551240054e-05
  974   9.99925943922e-01   7.40588276787e-05
  975   9.99927842922e-01   7.21597129543e-05
  976   9.99929647149e-01   7.03554120047e-05
  977   9.99931358892e-01   6.86436745138e-05
  978   9.99932980070e-01   6.70223649413e-05
  979   9.99934513020e-01   6.54894599945e-05
  980   9.99935959307e-01   6.40430461039e-05
  981   9.99937321088e-01   6.26813172026e-05
  982   9.99938599748e-01   6.14025724580e-05
  983   9.99939797081e-01   6.02052142962e-05
  984   9.99940914537e-01   5.90877464271e-05
  985   9.99941953428e-01   5.80487720559e-05
  986   9.99942915150e-01   5.70869922119e-05
  987   9.99943800954e-01   5.62012041713e-05
  988   9.99944611713e-01   5.53902999965e-05
  989   9.99945348804e-01   5.46532652516e-05
  990   9.99946012757e-01   5.39891777075e-05
  991   9.99946604805e-01   5.33972063175e-05
  992   9.99947125334e-01   5.28766101338e-05
  993   9.99947575226e-01   5.24267374886e-05
  994   9.99947954991e-01   5.20470251650e-05
  995   9.99948265006e-01   5.17369977324e-05
  996   9.99948505752e-01   5.14962669876e-05
  997   9.99948677578e-01   5.13245314761e-05
  998   9.99948780449e-01   5.12215761171e-05
  999   9.99948814864e-01   5.11872719919e-05
