nx     1000
nm     2
    0  -7.99918089951e+01   1.05389150863e-06
    1  -7.99917158056e+01   8.87461559000e-05
    2  -7.99914829684e+01   3.05118133655e-04
    3  -7.99910699637e+01   6.90639287776e-04
    4  -7.99905032570e+01   1.21882934515e-03
    5  -7.99897757787e+01   1.89670591311e-03
    6  -7.99888808493e+01   2.73087850012e-03
    7  -7.99878253825e+01   3.71436523665e-03
    8  -7.99866164363e+01   4.84002179050e-03
    9  -7.99852294043e+01   6.13233222019e-03
   10  -7.99837030313e+01   7.55246130223e-03
   11  -7.99819931248e+01   9.14443660400e-03
   12  -7.99801444843e+01   1.08633423697e-02
   13  -7.99781187046e+01   1.27473928999e-02
   14  -7.99759415588e+01   1.47706566175e-02
   15  -7.99736066491e+01   1.69393351415e-02
   16  -7.99711079757e+01   1.92592127919e-02
   17  -7.99684522027e+01   2.17234087739e-02
   18  -7.99656459594e+01   2.43250579462e-02
   19  -7.99626679030e+01   2.70852317045e-02
   20  -7.99595527571e+01   2.99689594998e-02
   21  -7.99562615828e+01   3.30148626631e-02
   22  -7.99528345007e+01   3.61825424569e-02
   23  -7.99492376766e+01   3.95054839497e-02
   24  -7.99454945581e+01   4.29599150504e-02
   25  -7.99415999443e+01   4.65506735766e-02
   26  -7.99375488560e+01   5.02823529462e-02
   27  -7.99333472794e+01   5.41485739353e-02
   28  -7.99290010057e+01   5.81431305728e-02
   29  -7.99244934103e+01   6.22821967462e-02
   30  -7.99198528403e+01   6.65369864539e-02
   31  -7.99150482068e+01   7.09380850492e-02
   32  -7.99101122971e+01   7.54522252741e-02
   33  -7.99050180529e+01   8.01059201707e-02
   34  -7.98997851543e+01   8.48789565523e-02
   35  -7.98944099312e+01   8.97744306368e-02
   36  -7.98888888878e+01   9.47952365980e-02
   37  -7.98832268126e+01   9.99359681889e-02
   38  -7.98774284351e+01   1.05191251075e-01
   39  -7.98714830937e+01   1.10571064416e-01
   40  -7.98654107440e+01   1.16054764482e-01
   41  -7.98591904431e+01   1.21662547306e-01
   42  -7.98528452867e+01   1.27370572325e-01
   43  -7.98463570608e+01   1.33196249025e-01
   44  -7.98397402151e+01   1.39124317023e-01
   45  -7.98329929928e+01   1.45155678142e-01
   46  -7.98261137195e+01   1.51291115509e-01
   47  -7.98191054471e+01   1.57526656842e-01
   48  -7.98119716561e+01   1.63857866195e-01
   49  -7.98047087459e+01   1.70287347010e-01
   50  -7.97973262979e+01   1.76804491360e-01
   51  -7.97898159164e+01   1.83416615405e-01
   52  -7.97821884141e+01   1.90111800172e-01
   53  -7.97744367786e+01   1.96895897298e-01
   54  -7.97665685208e+01   2.03760203189e-01
   55  -7.97585844979e+01   2.10702617938e-01
   56  -7.97504849537e+01   2.17721605504e-01
   57  -7.97422708907e+01   2.24814823504e-01
   58  -7.97339441637e+01   2.31979029525e-01
   59  -7.97255095555e+01   2.39208003641e-01
   60  -7.97169640804e+01   2.46503233647e-01
   61  -7.97083143002e+01   2.53856610523e-01
   62  -7.96995562720e+01   2.61270465230e-01
   63  -7.96906962629e+01   2.68736867361e-01
   64  -7.96817334317e+01   2.76254928836e-01
   65  -7.96726715865e+01   2.83819051607e-01
   66  -7.96635133789e+01   2.91424724819e-01
   67  -7.96542571122e+01   2.99071712706e-01
   68  -7.96449029270e+01   3.06757875533e-01
   69  -7.96354651845e+01   3.14466788731e-01
   70  -7.96259263291e+01   3.22213842903e-01
   71  -7.96163102814e+01   3.29972901923e-01
   72  -7.96065958218e+01   3.37762855009e-01
   73  -7.95968048420e+01   3.45559426910e-01
   74  -7.95869265036e+01   3.53370960311e-01
   75  -7.95769681998e+01   3.61187486607e-01
   76  -7.95669352853e+01   3.69000977293e-01
   77  -7.95568227747e+01   3.76813632807e-01
   78  -7.95466290891e+01   3.84624151779e-01
   79  -7.95363793307e+01   3.92404462237e-01
   80  -7.95260393261e+01   4.00185610554e-01
   81  -7.95156529010e+01   4.07920582879e-01
   82  -7.95051790076e+01   4.15647057939e-01
   83  -7.94946575521e+01   4.23321694507e-01
   84  -7.94840661422e+01   4.30963274125e-01
   85  -7.94734164128e+01   4.38556438851e-01
   86  -7.94627168641e+01   4.46088821817e-01
   87  -7.94519586905e+01   4.53565194916e-01
   88  -7.94411384283e+01   4.60984846710e-01
   89  -7.94302936038e+01   4.68305943842e-01
   90  -7.94193708443e+01   4.75577316209e-01
   91  -7.94084370794e+01   4.82727403635e-01
   92  -7.93974282840e+01   4.89815327183e-01
   93  -7.93864054573e+01   4.96775086801e-01
   94  -7.93753326199e+01   5.03637394720e-01
   95  -7.93642265769e+01   5.10380010940e-01
   96  -7.93530995459e+01   5.16985067378e-01
   97  -7.93419381894e+01   5.23460000019e-01
   98  -7.93307375255e+01   5.29803673605e-01
   99  -7.93195488390e+01   5.35958481825e-01
  100  -7.93082975773e+01   5.41992307079e-01
  101  -7.92970767493e+01   5.47805325073e-01
  102  -7.92857967033e+01   5.53479966343e-01
  103  -7.92745425364e+01   5.58923751238e-01
  104  -7.92632630336e+01   5.64180111328e-01
  105  -7.92519812084e+01   5.69217986283e-01
  106  -7.92407138973e+01   5.74012160327e-01
  107  -7.92294426737e+01   5.78572296781e-01
  108  -7.92181615863e+01   5.82895244280e-01
  109  -7.92069375587e+01   5.86904647609e-01
  110  -7.91956726919e+01   5.90688452826e-01
  111  -7.91844899737e+01   5.94113460753e-01
  112  -7.91732710838e+01   5.97287173935e-01
  113  -7.91621293219e+01   6.00085186357e-01
  114  -7.91509962970e+01   6.02564171007e-01
  115  -7.91399031345e+01   6.04680852245e-01
  116  -7.91288722221e+01   6.06400161319e-01
  117  -7.91178802850e+01   6.07732088305e-01
  118  -7.91069212356e+01   6.08668882985e-01
  119  -7.90960799328e+01   6.09111298549e-01
  120  -7.90852338036e+01   6.09166720668e-01
  121  -7.90745397296e+01   6.08662603499e-01
  122  -7.90638490495e+01   6.07731016121e-01
  123  -7.90533072024e+01   6.06209392222e-01
  124  -7.90428280171e+01   6.04165818762e-01
  125  -7.90324527185e+01   6.01540246606e-01
  126  -7.90222114986e+01   5.98282783362e-01
  127  -7.90120768274e+01   5.94400274736e-01
  128  -7.90020448277e+01   5.89874980384e-01
  129  -7.89922206289e+01   5.84579203034e-01
  130  -7.89824576852e+01   5.78635651113e-01
  131  -7.89729509967e+01   5.71824591052e-01
  132  -7.89635216786e+01   5.64298706240e-01
  133  -7.89543522608e+01   5.55848256113e-01
  134  -7.89453394951e+01   5.46547727030e-01
  135  -7.89365385520e+01   5.36311880507e-01
  136  -7.89279906513e+01   5.25067927536e-01
  137  -7.89196671826e+01   5.12811248116e-01
  138  -7.89115704137e+01   4.99504713988e-01
  139  -7.89038293766e+01   4.84982743875e-01
  140  -7.88962778945e+01   4.69372865989e-01
  141  -7.88891537284e+01   4.52396970810e-01
  142  -7.88822525477e+01   4.34216622346e-01
  143  -7.88757994962e+01   4.14561988976e-01
  144  -7.88696791818e+01   3.93501162598e-01
  145  -7.88639666363e+01   3.70909441479e-01
  146  -7.88587206153e+01   3.46675743395e-01
  147  -7.88539182853e+01   3.20767671456e-01
  148  -7.88495760607e+01   2.93110649640e-01
  149  -7.88458521188e+01   2.63485265651e-01
  150  -7.88425724786e+01   2.32000655134e-01
  151  -7.88400228614e+01   1.98303009230e-01
  152  -7.88379868880e+01   1.62536477505e-01
  153  -7.88367394672e+01   1.24350249622e-01
  154  -7.88361654773e+01   8.37789881101e-02
  155  -7.88363706439e+01   4.06321275119e-02
  156  -7.88374430376e+01  -5.26806153439e-03
  157  -7.88393804171e+01  -5.40142138735e-02
  158  -7.88422280046e+01  -1.05751805697e-01
  159  -7.88461827553e+01  -1.60783725726e-01
  160  -7.88510872221e+01  -2.19064865985e-01
  161  -7.88572825736e+01  -2.81054909536e-01
  162  -7.88645684765e+01  -3.46679355499e-01
  163  -7.88732801592e+01  -4.16406261188e-01
  164  -7.88833285394e+01  -4.90287520732e-01
  165  -7.88948691412e+01  -5.68627791215e-01
  166  -7.89080410222e+01  -6.51724109883e-01
  167  -7.89228900322e+01  -7.39789812312e-01
  168  -7.89395166598e+01  -8.33102801280e-01
  169  -7.89581738125e+01  -9.32103914929e-01
  170  -7.89787648800e+01  -1.03689600686e+00
  171  -7.90016981487e+01  -1.14809844971e+00
  172  -7.90268402320e+01  -1.26580203858e+00
  173  -7.90546027638e+01  -1.39065571193e+00
  174  -7.90849688697e+01  -1.52289454227e+00
  175  -7.91181755423e+01  -1.66302249320e+00
  176  -7.91544485132e+01  -1.81154837914e+00
  177  -7.91939277599e+01  -1.96891244854e+00
  178  -7.92368107965e+01  -2.13563054064e+00
  179  -7.92834350883e+01  -2.31237754174e+00
  180  -7.93338336954e+01  -2.49954446454e+00
  181  -7.93884991520e+01  -2.69800296794e+00
  182  -7.94474426199e+01  -2.90816639730e+00
  183  -7.95111728117e+01  -3.13096932754e+00
  184  -7.95798130234e+01  -3.36698655621e+00
  185  -7.96537234881e+01  -3.61705640561e+00
  186  -7.97332622880e+01  -3.88204322544e+00
  187  -7.98187220424e+01  -4.16277567080e+00
  188  -7.99104451754e+01  -4.46016339276e+00
  189  -8.00088818316e+01  -4.77525650723e+00
  190  -8.01142712975e+01  -5.10892884592e+00
  191  -8.02271924260e+01  -5.46242964715e+00
  192  -8.03478788802e+01  -5.83670093103e+00
  193  -8.04769297994e+01  -6.23308937098e+00
  194  -8.06146605119e+01  -6.65269912071e+00
  195  -8.07615603106e+01  -7.09685091865e+00
  196  -8.09181214790e+01  -7.56691282969e+00
  197  -8.10847960202e+01  -8.06425861673e+00
  198  -8.12620517613e+01  -8.59032528829e+00
  199  -8.14503964233e+01  -9.14663853701e+00
  200  -8.16502587566e+01  -9.73469520772e+00
  201  -8.18621834107e+01  -1.03561591394e+01
  202  -8.20865734229e+01  -1.10126047286e+01
  203  -8.23239444256e+01  -1.17057716413e+01
  204  -8.25746746658e+01  -1.24373153655e+01
  205  -8.28391714374e+01  -1.32089735534e+01
  206  -8.31178146939e+01  -1.40225092941e+01
  207  -8.34109413518e+01  -1.48796946475e+01
  208  -8.37188038684e+01  -1.57822679393e+01
  209  -8.40415552997e+01  -1.67319168838e+01
  210  -8.43793863696e+01  -1.77304129832e+01
  211  -8.47322382969e+01  -1.87793212255e+01
  212  -8.51001214770e+01  -1.98803144590e+01
  213  -8.54827410617e+01  -2.10347941761e+01
  214  -8.58797969735e+01  -2.22441843421e+01
  215  -8.62907382945e+01  -2.35096788494e+01
  216  -8.67148645189e+01  -2.48323344969e+01
  217  -8.71513438300e+01  -2.62130798565e+01
  218  -8.75990456565e+01  -2.76525372926e+01
  219  -8.80564935904e+01  -2.91509638483e+01
  220  -8.85222836955e+01  -3.07086559542e+01
  221  -8.89942612707e+01  -3.23251119009e+01
  222  -8.94705012877e+01  -3.39999956596e+01
  223  -8.99482263796e+01  -3.57320379778e+01
  224  -9.04247587416e+01  -3.75199690578e+01
  225  -9.08968096301e+01  -3.93617885000e+01
  226  -9.13607888169e+01  -4.12550536560e+01
  227  -9.18128854963e+01  -4.31969386929e+01
  228  -9.22488001209e+01  -4.51839441979e+01
  229  -9.26637172386e+01  -4.72118471966e+01
  230  -9.30530114192e+01  -4.92763839840e+01
  231  -9.34109873805e+01  -5.13719683406e+01
  232  -9.37325208498e+01  -5.34933100630e+01
  233  -9.40113803378e+01  -5.56337169168e+01
  234  -9.42418521148e+01  -5.77867002286e+01
  235  -9.44176512153e+01  -5.99448697280e+01
  236  -9.45324911316e+01  -6.21004891930e+01
  237  -9.45802843958e+01  -6.42456663340e+01
  238  -9.45548533100e+01  -6.63720567577e+01
  239  -9.44499923671e+01  -6.84709235642e+01
  240  -9.42604065839e+01  -7.05340772357e+01
  241  -9.39802167215e+01  -7.25523878624e+01
  242  -9.36050731086e+01  -7.45179102079e+01
  243  -9.31300940794e+01  -7.64218394436e+01
  244  -9.25519547036e+01  -7.82566215238e+01
  245  -9.18675076338e+01  -8.00146013303e+01
  246  -9.10744895950e+01  -8.16887608265e+01
  247  -9.01717347833e+01  -8.32729685354e+01
  248  -8.91587990671e+01  -8.47616436786e+01
  249  -8.80359882625e+01  -8.61498274274e+01
  250  -8.68052332790e+01  -8.74341034084e+01
  251  -8.54684437307e+01  -8.86109982783e+01
  252  -8.40295952953e+01  -8.96791166800e+01
  253  -8.24924322380e+01  -9.06368911046e+01
  254  -8.08625257372e+01  -9.14846865604e+01
  255  -7.91456442772e+01  -9.22232151740e+01
  256  -7.73483371160e+01  -9.28541612161e+01
  257  -7.54779901908e+01  -9.33802751171e+01
  258  -7.35423111011e+01  -9.38048923725e+01
  259  -7.15492344299e+01  -9.41318683116e+01
  260  -6.95075470293e+01  -9.43662280845e+01
  261  -6.74253346004e+01  -9.45126323969e+01
  262  -6.53117359470e+01  -9.45771464332e+01
  263  -6.31748286331e+01  -9.45651341819e+01
  264  -6.10234236985e+01  -9.44830577917e+01
  265  -5.88655639855e+01  -9.43369749557e+01
  266  -5.67090410438e+01  -9.41330510497e+01
  267  -5.45614539675e+01  -9.38776092235e+01
  268  -5.24298146987e+01  -9.35767232379e+01
  269  -5.03205265040e+01  -9.32361806680e+01
  270  -4.82398757244e+01  -9.28619571020e+01
  271  -4.61929581779e+01  -9.24591224345e+01
  272  -4.41850424092e+01  -9.20331835187e+01
  273  -4.22200772229e+01  -9.15885689742e+01
  274  -4.03021134615e+01  -9.11300288967e+01
  275  -3.84342495498e+01  -9.06615570831e+01
  276  -3.66190956704e+01  -9.01868327454e+01
  277  -3.48588885966e+01  -8.97093133152e+01
  278  -3.31552997419e+01  -8.92320209646e+01
  279  -3.15094850124e+01  -8.87575720279e+01
  280  -2.99224099304e+01  -8.82884829401e+01
  281  -2.83942918364e+01  -8.78265940341e+01
  282  -2.69254254493e+01  -8.73738787417e+01
  283  -2.55153610385e+01  -8.69316059033e+01
  284  -2.41637640710e+01  -8.65011858241e+01
  285  -2.28698202820e+01  -8.60835623018e+01
  286  -2.16325222646e+01  -8.56794880099e+01
  287  -2.04507490964e+01  -8.52895941827e+01
  288  -1.93232024946e+01  -8.49143179206e+01
  289  -1.82484325683e+01  -8.45539203152e+01
  290  -1.72249503943e+01  -8.42085925536e+01
  291  -1.62510732739e+01  -8.38782955763e+01
  292  -1.53251913308e+01  -8.35630222775e+01
  293  -1.44455206118e+01  -8.32625467538e+01
  294  -1.36103802230e+01  -8.29766986760e+01
  295  -1.28180040230e+01  -8.27051726082e+01
  296  -1.20666215298e+01  -8.24476073367e+01
  297  -1.13544810689e+01  -8.22036080044e+01
  298  -1.06798793399e+01  -8.19727751308e+01
  299  -1.00411412090e+01  -8.17546842108e+01
  300  -9.43657279233e+00  -8.15488389686e+01
  301  -8.86459596387e+00  -8.13548064803e+01
  302  -8.32358806675e+00  -8.11720575763e+01
  303  -7.81207287732e+00  -8.10001589392e+01
  304  -7.32854552009e+00  -8.08385990863e+01
  305  -6.87160946142e+00  -8.06869267766e+01
  306  -6.43989846520e+00  -8.05446743528e+01
  307  -6.03206196682e+00  -8.04113446493e+01
  308  -5.64686897393e+00  -8.02865165899e+01
  309  -5.28315215769e+00  -8.01697908524e+01
  310  -4.93967757523e+00  -8.00606611635e+01
  311  -4.61545401884e+00  -7.99588255432e+01
  312  -4.30931541372e+00  -7.98637700999e+01
  313  -4.02038903799e+00  -7.97752392249e+01
  314  -3.74763697384e+00  -7.96927783584e+01
  315  -3.49021056337e+00  -7.96160902906e+01
  316  -3.24727199117e+00  -7.95448581800e+01
  317  -3.01796126508e+00  -7.94787140181e+01
  318  -2.80154766196e+00  -7.94173916891e+01
  319  -2.59735043102e+00  -7.93606490088e+01
  320  -2.40458288810e+00  -7.93081130763e+01
  321  -2.22273503516e+00  -7.92596644854e+01
  322  -2.05104356887e+00  -7.92149082331e+01
  323  -1.88908868031e+00  -7.91737721363e+01
  324  -1.73620169974e+00  -7.91359152122e+01
  325  -1.59192977109e+00  -7.91011937887e+01
  326  -1.45580846665e+00  -7.90694350052e+01
  327  -1.32732166842e+00  -7.90403976390e+01
  328  -1.20607466223e+00  -7.90139463072e+01
  329  -1.09170053703e+00  -7.89899586696e+01
  330  -9.83714557910e-01  -7.89681805491e+01
  331  -8.81896424690e-01  -7.89486092754e+01
  332  -7.85750413873e-01  -7.89309542115e+01
  333  -6.95119713431e-01  -7.89152522358e+01
  334  -6.09570111302e-01  -7.89012516705e+01
  335  -5.28881165451e-01  -7.88889044584e+01
  336  -4.52807470155e-01  -7.88781278655e+01
  337  -3.81038810164e-01  -7.88687651495e+01
  338  -3.13373746532e-01  -7.88607598466e+01
  339  -2.49620450045e-01  -7.88540570170e+01
  340  -1.89477990482e-01  -7.88484849292e+01
  341  -1.32876177684e-01  -7.88440955997e+01
  342  -7.94856113843e-02  -7.88406749190e+01
  343  -2.92818692651e-02  -7.88383076301e+01
  344   1.80270846252e-02  -7.88368046992e+01
  345   6.25376345118e-02  -7.88361672801e+01
  346   1.04376208568e-01  -7.88363611882e+01
  347   1.43735149500e-01  -7.88372812849e+01
  348   1.80711985460e-01  -7.88389126478e+01
  349   2.15407432417e-01  -7.88412327529e+01
  350   2.48012482781e-01  -7.88441245826e+01
  351   2.78528795306e-01  -7.88476566843e+01
  352   3.07181630765e-01  -7.88516701665e+01
  353   3.33938024145e-01  -7.88562610749e+01
  354   3.59002246479e-01  -7.88612847733e+01
  355   3.82408708905e-01  -7.88667635361e+01
  356   4.04222038872e-01  -7.88726865048e+01
  357   4.24566772704e-01  -7.88789801130e+01
  358   4.43487086332e-01  -7.88856486412e+01
  359   4.61038096800e-01  -7.88926829807e+01
  360   4.77343945405e-01  -7.89000026491e+01
  361   4.92380642843e-01  -7.89076732351e+01
  362   5.06305658669e-01  -7.89155766931e+01
  363   5.19067800215e-01  -7.89238018501e+01
  364   5.30814168599e-01  -7.89322372617e+01
  365   5.41550523307e-01  -7.89409112081e+01
  366   5.51310003819e-01  -7.89498229450e+01
  367   5.60176822913e-01  -7.89589190592e+01
  368   5.68168569662e-01  -7.89682113573e+01
  369   5.75317890954e-01  -7.89776951934e+01
  370   5.81706770397e-01  -7.89873152416e+01
  371   5.87305869167e-01  -7.89971263445e+01
  372   5.92226431051e-01  -7.90070414914e+01
  373   5.96417272945e-01  -7.90171351001e+01
  374   5.99986032803e-01  -7.90273215932e+01
  375   6.02926621195e-01  -7.90376282120e+01
  376   6.05256344409e-01  -7.90480578440e+01
  377   6.07033993679e-01  -7.90585709507e+01
  378   6.08264612683e-01  -7.90691809330e+01
  379   6.08969663045e-01  -7.90798839498e+01
  380   6.09203703532e-01  -7.90906422704e+01
  381   6.08940698140e-01  -7.91014980893e+01
  382   6.08259354311e-01  -7.91123880896e+01
  383   6.07116152276e-01  -7.91233706048e+01
  384   6.05590196159e-01  -7.91343806226e+01
  385   6.03672001550e-01  -7.91454411909e+01
  386   6.01370931694e-01  -7.91565559318e+01
  387   5.98729041146e-01  -7.91676952005e+01
  388   5.95745935768e-01  -7.91788713188e+01
  389   5.92437428949e-01  -7.91900798958e+01
  390   5.88839588930e-01  -7.92012958027e+01
  391   5.84932726194e-01  -7.92125492642e+01
  392   5.80771964528e-01  -7.92237952128e+01
  393   5.76323668575e-01  -7.92350769935e+01
  394   5.71645746753e-01  -7.92463459485e+01
  395   5.66728972012e-01  -7.92576202379e+01
  396   5.61579077802e-01  -7.92689026994e+01
  397   5.56226046305e-01  -7.92801715582e+01
  398   5.50668136160e-01  -7.92914364647e+01
  399   5.44917619249e-01  -7.93026927353e+01
  400   5.38998244254e-01  -7.93139239065e+01
  401   5.32896697893e-01  -7.93251503228e+01
  402   5.26650907634e-01  -7.93363407813e+01
  403   5.20236961255e-01  -7.93475257013e+01
  404   5.13696467874e-01  -7.93586696819e+01
  405   5.07022239859e-01  -7.93697859202e+01
  406   5.00218115077e-01  -7.93808763550e+01
  407   4.93305392101e-01  -7.93919252274e+01
  408   4.86282567386e-01  -7.94029393889e+01
  409   4.79159602504e-01  -7.94139140164e+01
  410   4.71951632449e-01  -7.94248389179e+01
  411   4.64651102373e-01  -7.94357264249e+01
  412   4.57283069641e-01  -7.94465560564e+01
  413   4.49832325948e-01  -7.94573474536e+01
  414   4.42327760527e-01  -7.94680759625e+01
  415   4.34764888296e-01  -7.94787501737e+01
  416   4.27146642342e-01  -7.94893711054e+01
  417   4.19487638464e-01  -7.94999279360e+01
  418   4.11787728547e-01  -7.95104244794e+01
  419   4.04054886510e-01  -7.95208562880e+01
  420   3.96298476844e-01  -7.95312173949e+01
  421   3.88515423841e-01  -7.95415141607e+01
  422   3.80721423123e-01  -7.95517340421e+01
  423   3.72908317953e-01  -7.95618882497e+01
  424   3.65095119770e-01  -7.95719606943e+01
  425   3.57279959731e-01  -7.95819560783e+01
  426   3.49465305246e-01  -7.95918746647e+01
  427   3.41660514157e-01  -7.96017097197e+01
  428   3.33867167813e-01  -7.96114621968e+01
  429   3.26091251913e-01  -7.96211285508e+01
  430   3.18338496436e-01  -7.96307054059e+01
  431   3.10608947789e-01  -7.96401949907e+01
  432   3.02911559670e-01  -7.96495905384e+01
  433   2.95243812949e-01  -7.96588966838e+01
  434   2.87616960894e-01  -7.96681042025e+01
  435   2.80031593718e-01  -7.96772144698e+01
  436   2.72489901901e-01  -7.96862271907e+01
  437   2.64997056685e-01  -7.96951390176e+01
  438   2.57556494811e-01  -7.97039482728e+01
  439   2.50172207740e-01  -7.97126526606e+01
  440   2.42847600285e-01  -7.97212504127e+01
  441   2.35584818807e-01  -7.97297409626e+01
  442   2.28387889204e-01  -7.97381218055e+01
  443   2.21258539092e-01  -7.97463926813e+01
  444   2.14201930006e-01  -7.97545498398e+01
  445   2.07220745943e-01  -7.97625919600e+01
  446   2.00316910051e-01  -7.97705184342e+01
  447   1.93492272945e-01  -7.97783286787e+01
  448   1.86752026833e-01  -7.97860187185e+01
  449   1.80098235124e-01  -7.97935876659e+01
  450   1.73532980347e-01  -7.98010345721e+01
  451   1.67059667718e-01  -7.98083571240e+01
  452   1.60678818604e-01  -7.98155558537e+01
  453   1.54395374191e-01  -7.98226268312e+01
  454   1.48209640023e-01  -7.98295707277e+01
  455   1.42126009631e-01  -7.98363840877e+01
  456   1.36146208780e-01  -7.98430660912e+01
  457   1.30269205475e-01  -7.98496186438e+01
  458   1.24501931573e-01  -7.98560356466e+01
  459   1.18844237423e-01  -7.98623180566e+01
  460   1.13297870766e-01  -7.98684649017e+01
  461   1.07866377130e-01  -7.98744733812e+01
  462   1.02548252343e-01  -7.98803457180e+01
  463   9.73503280991e-02  -7.98860757649e+01
  464   9.22693348333e-02  -7.98916674559e+01
  465   8.73109643894e-02  -7.98971157301e+01
  466   8.24766377806e-02  -7.99024197764e+01
  467   7.77632144420e-02  -7.99075833234e+01
  468   7.31788855166e-02  -7.99125987336e+01
  469   6.87215707972e-02  -7.99174686260e+01
  470   6.43929747535e-02  -7.99221918098e+01
  471   6.01963879162e-02  -7.99267654851e+01
  472   5.61289699611e-02  -7.99311929646e+01
  473   5.21986794350e-02  -7.99354667335e+01
  474   4.83994628732e-02  -7.99395932787e+01
  475   4.47379848386e-02  -7.99435663390e+01
  476   4.12152526543e-02  -7.99473852962e+01
  477   3.78264769042e-02  -7.99510553141e+01
  478   3.45807633458e-02  -7.99545676307e+01
  479   3.14742096586e-02  -7.99579264845e+01
  480   2.85088560676e-02  -7.99611301497e+01
  481   2.56872024221e-02  -7.99641764232e+01
  482   2.30058348121e-02  -7.99670690020e+01
  483   2.04730431095e-02  -7.99697998547e+01
  484   1.80808499087e-02  -7.99723772126e+01
  485   1.58364002866e-02  -7.99747941568e+01
  486   1.37403344941e-02  -7.99770502628e+01
  487   1.17865810366e-02  -7.99791518078e+01
  488   9.98485162605e-03  -7.99810892574e+01
  489   8.32946913677e-03  -7.99828684627e+01
  490   6.82308792905e-03  -7.99844869232e+01
  491   5.46697720296e-03  -7.99859435095e+01
  492   4.25774465167e-03  -7.99872417419e+01
  493   3.20327824123e-03  -7.99883738383e+01
  494   2.29443183551e-03  -7.99893490495e+01
  495   1.53840184887e-03  -7.99901602563e+01
  496   9.35424225027e-04  -7.99908072920e+01
  497   4.78623478591e-04  -7.99912970931e+01
  498   1.77740828039e-04  -7.99916199519e+01
  499   2.57431255300e-05  -7.99917829343e+01
  500   2.57730410124e-05  -7.99917829097e+01
  501   1.77826861021e-04  -7.99916198819e+01
  502   4.78764251938e-04  -7.99912969792e+01
  503   9.35604196287e-04  -7.99908071500e+01
  504   1.53863573348e-03  -7.99901600718e+01
  505   2.29468570349e-03  -7.99893488567e+01
  506   3.20357235936e-03  -7.99883736172e+01
  507   4.25804294567e-03  -7.99872415290e+01
  508   5.46731089087e-03  -7.99859432739e+01
  509   6.82341177209e-03  -7.99844867104e+01
  510   8.32979876682e-03  -7.99828682574e+01
  511   9.98516805855e-03  -7.99810890787e+01
  512   1.17868927702e-02  -7.99791516473e+01
  513   1.37406185607e-02  -7.99770501434e+01
  514   1.58366591130e-02  -7.99747940758e+01
  515   1.80810829681e-02  -7.99723771703e+01
  516   2.04732389398e-02  -7.99697998620e+01
  517   2.30059951975e-02  -7.99670690566e+01
  518   2.56873180078e-02  -7.99641765335e+01
  519   2.85089153564e-02  -7.99611303262e+01
  520   3.14742100933e-02  -7.99579267286e+01
  521   3.45807019111e-02  -7.99545679440e+01
  522   3.78263545842e-02  -7.99510556938e+01
  523   4.12150760293e-02  -7.99473857340e+01
  524   4.47377513359e-02  -7.99435668355e+01
  525   4.83991841884e-02  -7.99395938198e+01
  526   5.21983652497e-02  -7.99354673073e+01
  527   5.61286148945e-02  -7.99311935739e+01
  528   6.01960305938e-02  -7.99267660887e+01
  529   6.43925933276e-02  -7.99221924271e+01
  530   6.87212041472e-02  -7.99174692153e+01
  531   7.31785406521e-02  -7.99125992856e+01
  532   7.77628899182e-02  -7.99075838370e+01
  533   8.24763459688e-02  -7.99024202371e+01
  534   8.73107033272e-02  -7.98971161376e+01
  535   9.22691086190e-02  -7.98916678041e+01
  536   9.73501704372e-02  -7.98860760184e+01
  537   1.02548138687e-01  -7.98803458998e+01
  538   1.07866355157e-01  -7.98744734423e+01
  539   1.13297945256e-01  -7.98684648365e+01
  540   1.18844432881e-01  -7.98623178400e+01
  541   1.24502268243e-01  -7.98560352584e+01
  542   1.30269704442e-01  -7.98496180631e+01
  543   1.36146877854e-01  -7.98430653114e+01
  544   1.42126854010e-01  -7.98363831049e+01
  545   1.48210676231e-01  -7.98295695276e+01
  546   1.54396555541e-01  -7.98226254632e+01
  547   1.60680172082e-01  -7.98155542940e+01
  548   1.67061094022e-01  -7.98083554757e+01
  549   1.73534524768e-01  -7.98010327940e+01
  550   1.80099794316e-01  -7.97935858655e+01
  551   1.86753623734e-01  -7.97860168774e+01
  552   1.93493825424e-01  -7.97783268834e+01
  553   2.00318442353e-01  -7.97705166648e+01
  554   2.07222206718e-01  -7.97625902721e+01
  555   2.14203336651e-01  -7.97545482200e+01
  556   2.21259866037e-01  -7.97463911588e+01
  557   2.28389142507e-01  -7.97381203777e+01
  558   2.35586012485e-01  -7.97297396185e+01
  559   2.42848712879e-01  -7.97212491766e+01
  560   2.50173246672e-01  -7.97126515274e+01
  561   2.57557426638e-01  -7.97039472780e+01
  562   2.64997874126e-01  -7.96951381702e+01
  563   2.72490556003e-01  -7.96862265406e+01
  564   2.80032057348e-01  -7.96772140447e+01
  565   2.87617205119e-01  -7.96681040310e+01
  566   2.95243795599e-01  -7.96588968071e+01
  567   3.02911261937e-01  -7.96495909734e+01
  568   3.10608369277e-01  -7.96401957350e+01
  569   3.18337638904e-01  -7.96307064540e+01
  570   3.26090166949e-01  -7.96211298463e+01
  571   3.33865860154e-01  -7.96114637296e+01
  572   3.41659087010e-01  -7.96017113805e+01
  573   3.49463783447e-01  -7.95918764222e+01
  574   3.57278457805e-01  -7.95819578111e+01
  575   3.65093658484e-01  -7.95719623747e+01
  576   3.72906987521e-01  -7.95618897810e+01
  577   3.80720260437e-01  -7.95517353812e+01
  578   3.88514465100e-01  -7.95415152657e+01
  579   3.96297767788e-01  -7.95312182152e+01
  580   4.04054387885e-01  -7.95208568584e+01
  581   4.11787499845e-01  -7.95104247372e+01
  582   4.19487622578e-01  -7.94999279355e+01
  583   4.27146868386e-01  -7.94893708159e+01
  584   4.34765330143e-01  -7.94787496202e+01
  585   4.42328424836e-01  -7.94680751384e+01
  586   4.49833216312e-01  -7.94573463557e+01
  587   4.57284184756e-01  -7.94465546876e+01
  588   4.64652447732e-01  -7.94357247819e+01
  589   4.71953222617e-01  -7.94248369891e+01
  590   4.79161446479e-01  -7.94139117968e+01
  591   4.86284638337e-01  -7.94029369100e+01
  592   4.93307695867e-01  -7.93919224888e+01
  593   5.00220606352e-01  -7.93808734083e+01
  594   5.07024879683e-01  -7.93697828111e+01
  595   5.13699170127e-01  -7.93586665037e+01
  596   5.20239686676e-01  -7.93475225008e+01
  597   5.26653559072e-01  -7.93363376631e+01
  598   5.32899188489e-01  -7.93251473809e+01
  599   5.39000504385e-01  -7.93139212173e+01
  600   5.44919569561e-01  -7.93026903841e+01
  601   5.50669718026e-01  -7.92914345150e+01
  602   5.56227211423e-01  -7.92801700623e+01
  603   5.61579803008e-01  -7.92689016827e+01
  604   5.66729256658e-01  -7.92576197022e+01
  605   5.71645613102e-01  -7.92463458713e+01
  606   5.76323128792e-01  -7.92350773609e+01
  607   5.80771080684e-01  -7.92237959598e+01
  608   5.84931542414e-01  -7.92125503425e+01
  609   5.88838189888e-01  -7.92012971226e+01
  610   5.92435854831e-01  -7.91900814113e+01
  611   5.95744284799e-01  -7.91788729254e+01
  612   5.98727359611e-01  -7.91676968452e+01
  613   6.01369279481e-01  -7.91565575479e+01
  614   6.03670429760e-01  -7.91454427206e+01
  615   6.05588755892e-01  -7.91343820084e+01
  616   6.07114878049e-01  -7.91233718061e+01
  617   6.08258258631e-01  -7.91123890882e+01
  618   6.08939842464e-01  -7.91014988190e+01
  619   6.09203073777e-01  -7.90906427409e+01
  620   6.08969325697e-01  -7.90798840912e+01
  621   6.08264540471e-01  -7.90691807701e+01
  622   6.07034256968e-01  -7.90585704115e+01
  623   6.05256907300e-01  -7.90480569637e+01
  624   6.02927518493e-01  -7.90376269564e+01
  625   5.99987224500e-01  -7.90273200038e+01
  626   5.96418759226e-01  -7.90171331791e+01
  627   5.92228133558e-01  -7.90070393207e+01
  628   5.87307744216e-01  -7.89971239718e+01
  629   5.81708733729e-01  -7.89873127558e+01
  630   5.75319842747e-01  -7.89776926995e+01
  631   5.68170404615e-01  -7.89682089655e+01
  632   5.60178419556e-01  -7.89589168957e+01
  633   5.51311253439e-01  -7.89498211226e+01
  634   5.41551331682e-01  -7.89409098242e+01
  635   5.30814464167e-01  -7.89322363897e+01
  636   5.19067526298e-01  -7.89238015472e+01
  637   5.06304809200e-01  -7.89155769641e+01
  638   4.92379207076e-01  -7.89076740879e+01
  639   4.77342005706e-01  -7.89000039969e+01
  640   4.61035714721e-01  -7.88926847562e+01
  641   4.43484409715e-01  -7.88856506895e+01
  642   4.24563900731e-01  -7.88789823272e+01
  643   4.04219130673e-01  -7.88726887173e+01
  644   3.82405918657e-01  -7.88667655845e+01
  645   3.58999694689e-01  -7.88612865293e+01
  646   3.33935837528e-01  -7.88562624047e+01
  647   3.07179895580e-01  -7.88516709781e+01
  648   2.78527585205e-01  -7.88476568997e+01
  649   2.48011848540e-01  -7.88441241481e+01
  650   2.15407395287e-01  -7.88412316464e+01
  651   1.80712545148e-01  -7.88389108704e+01
  652   1.43736262805e-01  -7.88372788826e+01
  653   1.04377854074e-01  -7.88363581868e+01
  654   6.25397354293e-02  -7.88361637625e+01
  655   1.80295582917e-02  -7.88368007554e+01
  656  -2.92791213330e-02  -7.88383033671e+01
  657  -7.94827092409e-02  -7.88406704661e+01
  658  -1.32873271510e-01  -7.88440911168e+01
  659  -1.89475230018e-01  -7.88484805757e+01
  660  -2.49618033907e-01  -7.88540530007e+01
  661  -3.13371837067e-01  -7.88607563376e+01
  662  -3.81037642940e-01  -7.88687623901e+01
  663  -4.52807204194e-01  -7.88781260187e+01
  664  -5.28882000437e-01  -7.88889037254e+01
  665  -6.09572156736e-01  -7.89012521589e+01
  666  -6.95123086358e-01  -7.89152540572e+01
  667  -7.85755108430e-01  -7.89309573508e+01
  668  -8.81902439823e-01  -7.89486137184e+01
  669  -9.83721755870e-01  -7.89681861413e+01
  670  -1.09170874698e+00  -7.89899652198e+01
  671  -1.20608364290e+00  -7.90139535513e+01
  672  -1.32733111549e+00  -7.90404052476e+01
  673  -1.45581804913e+00  -7.90694426211e+01
  674  -1.59193913391e+00  -7.91012010305e+01
  675  -1.73621049489e+00  -7.91359217066e+01
  676  -1.88909660859e+00  -7.91737775606e+01
  677  -2.05105034353e+00  -7.92149122799e+01
  678  -2.22274047869e+00  -7.92596669601e+01
  679  -2.40458692234e+00  -7.93081138878e+01
  680  -2.59735302249e+00  -7.93606481150e+01
  681  -2.80154897132e+00  -7.94173892466e+01
  682  -3.01796144014e+00  -7.94787101744e+01
  683  -3.24727138182e+00  -7.95448532883e+01
  684  -3.49020947081e+00  -7.96160846579e+01
  685  -3.74763584097e+00  -7.96927724350e+01
  686  -4.02038827431e+00  -7.97752334281e+01
  687  -4.30931540494e+00  -7.98637648225e+01
  688  -4.61545518691e+00  -7.99588212124e+01
  689  -4.93968022820e+00  -8.00606580895e+01
  690  -5.28315657924e+00  -8.01697893173e+01
  691  -5.64687532729e+00  -8.02865167506e+01
  692  -6.03207033354e+00  -8.04113465762e+01
  693  -6.43990882550e+00  -8.05446780098e+01
  694  -6.87162171544e+00  -8.06869320423e+01
  695  -7.32855944955e+00  -8.08386057164e+01
  696  -7.81208817683e+00  -8.10001665981e+01
  697  -8.32360441593e+00  -8.11720659103e+01
  698  -8.86461299759e+00  -8.13548150889e+01
  699  -9.43659015360e+00  -8.15488474583e+01
  700  -1.00411585828e+01  -8.17546922299e+01
  701  -1.06798964213e+01  -8.19727823384e+01
  702  -1.13544977146e+01  -8.22036142229e+01
  703  -1.20666376249e+01  -8.24476124189e+01
  704  -1.28180196509e+01  -8.27051766077e+01
  705  -1.36103955535e+01  -8.29767017351e+01
  706  -1.44455359045e+01  -8.32625491063e+01
  707  -1.53252069728e+01  -8.35630242858e+01
  708  -1.62510897368e+01  -8.38782976880e+01
  709  -1.72249682016e+01  -8.42085952670e+01
  710  -1.82484522146e+01  -8.45539240983e+01
  711  -1.93232244334e+01  -8.49143231975e+01
  712  -2.04507736751e+01  -8.52896012676e+01
  713  -2.16325497294e+01  -8.56794971115e+01
  714  -2.28698507326e+01  -8.60835734784e+01
  715  -2.41637973630e+01  -8.65011988855e+01
  716  -2.55153969252e+01  -8.69316205536e+01
  717  -2.69254634412e+01  -8.73738944397e+01
  718  -2.83943313886e+01  -8.78266101829e+01
  719  -2.99224504166e+01  -8.82884988614e+01
  720  -3.15095258110e+01  -8.87575870513e+01
  721  -3.31553402600e+01  -8.92320344521e+01
  722  -3.48589284144e+01  -8.97093248074e+01
  723  -3.66191345272e+01  -9.01868419488e+01
  724  -3.84342874758e+01  -9.06615640024e+01
  725  -4.03021506861e+01  -9.11300337425e+01
  726  -4.22201141893e+01  -9.15885721783e+01
  727  -4.41850797284e+01  -9.20331856866e+01
  728  -4.61929965899e+01  -9.24591243060e+01
  729  -4.82399159461e+01  -9.28619593978e+01
  730  -5.03205691761e+01  -9.32361840363e+01
  731  -5.24298602133e+01  -9.35767280810e+01
  732  -5.45615024532e+01  -9.38776156831e+01
  733  -5.67090922705e+01  -9.41330589123e+01
  734  -5.88656174415e+01  -9.43369837306e+01
  735  -6.10234784754e+01  -9.44830665968e+01
  736  -6.31748836712e+01  -9.45651419911e+01
  737  -6.53117899653e+01  -9.45771520078e+01
  738  -6.74253864513e+01  -9.45126346414e+01
  739  -6.95075956354e+01  -9.43662259846e+01
  740  -7.15492790649e+01  -9.41318612145e+01
  741  -7.35423513144e+01  -9.38048799118e+01
  742  -7.54780260621e+01  -9.33802574662e+01
  743  -7.73483690234e+01  -9.28541388550e+01
  744  -7.91456730177e+01  -9.22231890077e+01
  745  -8.08625523491e+01  -9.14846577400e+01
  746  -8.24924577467e+01  -9.06368607712e+01
  747  -8.40296208266e+01  -8.96790860764e+01
  748  -8.54684699529e+01  -8.86109681911e+01
  749  -8.68052607397e+01  -8.74340745034e+01
  750  -8.80360169725e+01  -8.61497998335e+01
  751  -8.91588285992e+01  -8.47616170867e+01
  752  -9.01717644290e+01  -8.32729423547e+01
  753  -9.10745181934e+01  -8.16887340130e+01
  754  -9.18675340392e+01  -8.00145728540e+01
  755  -9.25519776922e+01  -7.82565902739e+01
  756  -9.31301126218e+01  -7.64218044995e+01
  757  -9.36050865143e+01  -7.45178709824e+01
  758  -9.39802246350e+01  -7.25523440953e+01
  759  -9.42604091456e+01  -7.05340291538e+01
  760  -9.44499901046e+01  -6.84708717708e+01
  761  -9.45548471315e+01  -6.63720022256e+01
  762  -9.45802754297e+01  -6.42456102451e+01
  763  -9.45324806050e+01  -6.21004328173e+01
  764  -9.44176402808e+01  -5.99448142514e+01
  765  -9.42418418308e+01  -5.77866467348e+01
  766  -9.40113713720e+01  -5.56336660924e+01
  767  -9.37325137072e+01  -5.34932624272e+01
  768  -9.34109819623e+01  -5.13719238053e+01
  769  -9.30530075581e+01  -4.92763423895e+01
  770  -9.26637142662e+01  -4.72118078798e+01
  771  -9.22487974058e+01  -4.51839065298e+01
  772  -9.18128822333e+01  -4.31969018674e+01
  773  -9.13607843177e+01  -4.12550169794e+01
  774  -9.08968032904e+01  -3.93617513572e+01
  775  -9.04247501932e+01  -3.75199310637e+01
  776  -8.99482155526e+01  -3.57319990383e+01
  777  -8.94704883435e+01  -3.39999559051e+01
  778  -8.89942466246e+01  -3.23250717088e+01
  779  -8.85222679085e+01  -3.07086158423e+01
  780  -8.80564773812e+01  -2.91509244869e+01
  781  -8.75990297680e+01  -2.76524993735e+01
  782  -8.71513289717e+01  -2.62130440372e+01
  783  -8.67148512854e+01  -2.48323013208e+01
  784  -8.62907270326e+01  -2.35096486145e+01
  785  -8.58797879583e+01  -2.22441572781e+01
  786  -8.54827342054e+01  -2.10347701543e+01
  787  -8.51001166738e+01  -1.98802933373e+01
  788  -8.47322350854e+01  -1.87793025113e+01
  789  -8.43793842919e+01  -1.77303961907e+01
  790  -8.40415537393e+01  -1.67319013720e+01
  791  -8.37188022822e+01  -1.57822531420e+01
  792  -8.34109392032e+01  -1.48796800055e+01
  793  -8.31178115535e+01  -1.40224943546e+01
  794  -8.28391669831e+01  -1.32089579687e+01
  795  -8.25746687214e+01  -1.24372989314e+01
  796  -8.23239370393e+01  -1.17057543745e+01
  797  -8.20865647304e+01  -1.10125867302e+01
  798  -8.18621737422e+01  -1.03561407020e+01
  799  -8.16502484817e+01  -9.73467666155e+00
  800  -8.14503860229e+01  -9.14662032210e+00
  801  -8.12620417225e+01  -8.59030785097e+00
  802  -8.10847868296e+01  -8.06424240428e+00
  803  -8.09181135562e+01  -7.56689822468e+00
  804  -8.07615539821e+01  -7.09683821454e+00
  805  -8.06146560051e+01  -6.65268851618e+00
  806  -8.04769272239e+01  -6.23308095235e+00
  807  -8.03478782287e+01  -5.83669467307e+00
  808  -8.02271935420e+01  -5.46242538119e+00
  809  -8.01142739417e+01  -5.10892632567e+00
  810  -8.00088856277e+01  -4.77525535370e+00
  811  -7.99104497679e+01  -4.46016325156e+00
  812  -7.98187269469e+01  -4.16277606130e+00
  813  -7.97332670998e+01  -3.88204374773e+00
  814  -7.96537277533e+01  -3.61705661112e+00
  815  -7.95798163809e+01  -3.36698608784e+00
  816  -7.95111749912e+01  -3.13096791711e+00
  817  -7.94474434019e+01  -2.90816382443e+00
  818  -7.93884984443e+01  -2.69799913623e+00
  819  -7.93338314636e+01  -2.49953933146e+00
  820  -7.92834314624e+01  -2.31237122544e+00
  821  -7.92368059055e+01  -2.13562315450e+00
  822  -7.91939218912e+01  -1.96890426119e+00
  823  -7.91544419363e+01  -1.81153963878e+00
  824  -7.91181686269e+01  -1.66301354642e+00
  825  -7.90849619512e+01  -1.52288570076e+00
  826  -7.90545962288e+01  -1.39064733858e+00
  827  -7.90268344272e+01  -1.26579445743e+00
  828  -7.90016933578e+01  -1.14809192425e+00
  829  -7.89787613603e+01  -1.03689077689e+00
  830  -7.89581717258e+01  -9.32100128516e-01
  831  -7.89395161119e+01  -8.33100554714e-01
  832  -7.89228910239e+01  -7.39789101031e-01
  833  -7.89080434794e+01  -6.51724859101e-01
  834  -7.88948729612e+01  -5.68629901610e-01
  835  -7.88833334831e+01  -4.90290760565e-01
  836  -7.88732860283e+01  -4.16410442770e-01
  837  -7.88645749571e+01  -3.46684178242e-01
  838  -7.88572893837e+01  -2.81060106476e-01
  839  -7.88510940731e+01  -2.19070164858e-01
  840  -7.88461893097e+01  -1.60788805294e-01
  841  -7.88422340647e+01  -1.05756483974e-01
  842  -7.88393856486e+01  -5.40181707719e-02
  843  -7.88374473315e+01  -5.27120020706e-03
  844  -7.88363737608e+01   4.06300371211e-02
  845  -7.88361673701e+01   8.37779869496e-02
  846  -7.88367400337e+01   1.24350437141e-01
  847  -7.88379861534e+01   1.62537829497e-01
  848  -7.88400208524e+01   1.98305503590e-01
  849  -7.88425693056e+01   2.32004189705e-01
  850  -7.88458479138e+01   2.63489720074e-01
  851  -7.88495710095e+01   2.93115852508e-01
  852  -7.88539125860e+01   3.20773441448e-01
  853  -7.88587145134e+01   3.46681853666e-01
  854  -7.88639603656e+01   3.70915678168e-01
  855  -7.88696729880e+01   3.93507300164e-01
  856  -7.88757936098e+01   4.14567816900e-01
  857  -7.88822471830e+01   4.34221945572e-01
  858  -7.88891490670e+01   4.52401625367e-01
  859  -7.88962741177e+01   4.69376686237e-01
  860  -7.89038265678e+01   4.84985659282e-01
  861  -7.89115686877e+01   4.99506620123e-01
  862  -7.89196665421e+01   5.12812149430e-01
  863  -7.89279911407e+01   5.25067783475e-01
  864  -7.89365401053e+01   5.36310757933e-01
  865  -7.89453420655e+01   5.46545670228e-01
  866  -7.89543557336e+01   5.55845374384e-01
  867  -7.89635259494e+01   5.64295096057e-01
  868  -7.89729559145e+01   5.71820392944e-01
  869  -7.89824631074e+01   5.78630995524e-01
  870  -7.89922263955e+01   5.84574236182e-01
  871  -7.90020507659e+01   5.89869860226e-01
  872  -7.90120827723e+01   5.94395151005e-01
  873  -7.90222172887e+01   5.98277802066e-01
  874  -7.90324582150e+01   6.01535531670e-01
  875  -7.90428330622e+01   6.04161513767e-01
  876  -7.90533117071e+01   6.06205573409e-01
  877  -7.90638528745e+01   6.07727811445e-01
  878  -7.90745428374e+01   6.08660041062e-01
  879  -7.90852361363e+01   6.09164851127e-01
  880  -7.90960814514e+01   6.09110155913e-01
  881  -7.91069219998e+01   6.08668404712e-01
  882  -7.91178802373e+01   6.07732331615e-01
  883  -7.91288715090e+01   6.06400981512e-01
  884  -7.91399017544e+01   6.04682254636e-01
  885  -7.91509943645e+01   6.02566047046e-01
  886  -7.91621268850e+01   6.00087495161e-01
  887  -7.91732682704e+01   5.97289796709e-01
  888  -7.91844868571e+01   5.94116334229e-01
  889  -7.91956693814e+01   5.90691478576e-01
  890  -7.92069341495e+01   5.86907742001e-01
  891  -7.92181581786e+01   5.82898318942e-01
  892  -7.92294393645e+01   5.78575266545e-01
  893  -7.92407107739e+01   5.74014949528e-01
  894  -7.92519783746e+01   5.69220502211e-01
  895  -7.92632605694e+01   5.64182284223e-01
  896  -7.92745405112e+01   5.58925520720e-01
  897  -7.92857951682e+01   5.53481289343e-01
  898  -7.92970757430e+01   5.47806169346e-01
  899  -7.93082971181e+01   5.41992659219e-01
  900  -7.93195489234e+01   5.35958348651e-01
  901  -7.93307381567e+01   5.29803053675e-01
  902  -7.93419392937e+01   5.23458967190e-01
  903  -7.93531011146e+01   5.16983628917e-01
  904  -7.93642285272e+01   5.10378247104e-01
  905  -7.93753349338e+01   5.03635319685e-01
  906  -7.93864080266e+01   4.96772803939e-01
  907  -7.93974310825e+01   4.89812856851e-01
  908  -7.94084400000e+01   4.82724846720e-01
  909  -7.94193738916e+01   4.75574661166e-01
  910  -7.94302966557e+01   4.68303305738e-01
  911  -7.94411414992e+01   4.60982203834e-01
  912  -7.94519616972e+01   4.53562623228e-01
  913  -7.94627197861e+01   4.46086334574e-01
  914  -7.94734192041e+01   4.38554075193e-01
  915  -7.94840687606e+01   4.30961069658e-01
  916  -7.94946599800e+01   4.23319660822e-01
  917  -7.95051811704e+01   4.15645264149e-01
  918  -7.95156548066e+01   4.07919016251e-01
  919  -7.95260409247e+01   4.00184316910e-01
  920  -7.95363806172e+01   3.92403443659e-01
  921  -7.95466300598e+01   3.84623409767e-01
  922  -7.95568234256e+01   3.76813170132e-01
  923  -7.95669356343e+01   3.69000775647e-01
  924  -7.95769682621e+01   3.61187531437e-01
  925  -7.95869263244e+01   3.53371207970e-01
  926  -7.95968044591e+01   3.45559841746e-01
  927  -7.96065952778e+01   3.37763397141e-01
  928  -7.96163096174e+01   3.29973533571e-01
  929  -7.96259255927e+01   3.22214520256e-01
  930  -7.96354644020e+01   3.14467489290e-01
  931  -7.96449021448e+01   3.06758557010e-01
  932  -7.96542563531e+01   2.99072356369e-01
  933  -7.96635126728e+01   2.91425304844e-01
  934  -7.96726709473e+01   2.83819558009e-01
  935  -7.96817328737e+01   2.76255351185e-01
  936  -7.96906957926e+01   2.68737202630e-01
  937  -7.96995559068e+01   2.61270699457e-01
  938  -7.97083140420e+01   2.53856744719e-01
  939  -7.97169639380e+01   2.46503261743e-01
  940  -7.97255095281e+01   2.39207928937e-01
  941  -7.97339442662e+01   2.31978839129e-01
  942  -7.97422711378e+01   2.24814504400e-01
  943  -7.97504853469e+01   2.17721157439e-01
  944  -7.97585850396e+01   2.10702039406e-01
  945  -7.97665692363e+01   2.03759469222e-01
  946  -7.97744376345e+01   1.96895041265e-01
  947  -7.97821894410e+01   1.90110791030e-01
  948  -7.97898170570e+01   1.83415509467e-01
  949  -7.97973275580e+01   1.76803281314e-01
  950  -7.98047100910e+01   1.70286065862e-01
  951  -7.98119730520e+01   1.63856546134e-01
  952  -7.98191068698e+01   1.57525319767e-01
  953  -7.98261151347e+01   1.51289793540e-01
  954  -7.98329943773e+01   1.45154392375e-01
  955  -7.98397415553e+01   1.39123078933e-01
  956  -7.98463583443e+01   1.33195069112e-01
  957  -7.98528464929e+01   1.27369469276e-01
  958  -7.98591916029e+01   1.21661488764e-01
  959  -7.98654118303e+01   1.16053776062e-01
  960  -7.98714841637e+01   1.10570087676e-01
  961  -7.98774294657e+01   1.05190307990e-01
  962  -7.98832278270e+01   9.99350343841e-02
  963  -7.98888898899e+01   9.47943072885e-02
  964  -7.98944109220e+01   8.97735037483e-02
  965  -7.98997861326e+01   8.48780323995e-02
  966  -7.99050189968e+01   8.01050198970e-02
  967  -7.99101131975e+01   7.54513570441e-02
  968  -7.99150490435e+01   7.09372685578e-02
  969  -7.99198535953e+01   6.65362392876e-02
  970  -7.99244940782e+01   6.22815241764e-02
  971  -7.99290015760e+01   5.81425430369e-02
  972  -7.99333477669e+01   5.41480570881e-02
  973  -7.99375492699e+01   5.02818981993e-02
  974  -7.99416003129e+01   4.65502534922e-02
  975  -7.99454949133e+01   4.29594986566e-02
  976  -7.99492380322e+01   3.95050584529e-02
  977  -7.99528348931e+01   3.61820725852e-02
  978  -7.99562620303e+01   3.30143310479e-02
  979  -7.99595532740e+01   2.99683525172e-02
  980  -7.99626684887e+01   2.70845507170e-02
  981  -7.99656466166e+01   2.43243006316e-02
  982  -7.99684529124e+01   2.17225943114e-02
  983  -7.99711087092e+01   1.92583700942e-02
  984  -7.99736073751e+01   1.69384954255e-02
  985  -7.99759422669e+01   1.47698303434e-02
  986  -7.99781193679e+01   1.27466070877e-02
  987  -7.99801450891e+01   1.08626111240e-02
  988  -7.99819936631e+01   9.14376817669e-03
  989  -7.99837035363e+01   7.55182321507e-03
  990  -7.99852298748e+01   6.13172620311e-03
  991  -7.99866169259e+01   4.83939515645e-03
  992  -7.99878258786e+01   3.71373123583e-03
  993  -7.99888813969e+01   2.73019292877e-03
  994  -7.99897764062e+01   1.89594080700e-03
  995  -7.99905039514e+01   1.21799821130e-03
  996  -7.99910707479e+01   6.89719337619e-04
  997  -7.99914838221e+01   3.04129627409e-04
  998  -7.99917166946e+01   8.77229893635e-05
  999  -7.99918099150e+01   0.00000000000e+00
