 4.63235167405e-02 9.53676483260e-01
 4.70870903480e-02 9.52912909652e-01
 4.94162050615e-02 9.50583794939e-01
 5.34281174613e-02 9.46571882539e-01
 5.93249805002e-02 9.40675019500e-01
 6.74031488544e-02 9.32596851146e-01
 7.80642161454e-02 9.21935783855e-01
 9.18247714580e-02 9.08175228542e-01
 1.09319528904e-01 8.90680471096e-01
 1.31289248702e-01 8.68710751298e-01
 1.58541275658e-01 8.41458724342e-01
 1.91868337136e-01 8.08131662864e-01
 2.31914057407e-01 7.68085942593e-01
 2.78986491708e-01 7.21013508292e-01
 3.32847249796e-01 6.67152750204e-01
 3.92538524686e-01 6.07461475314e-01
 4.56333967363e-01 5.43666032637e-01
 5.21882821907e-01 4.78117178093e-01
 5.86546588200e-01 4.13453411800e-01
 6.47833582348e-01 3.52166417652e-01
 7.03782865553e-01 2.96217134447e-01
 7.53177335713e-01 2.46822664287e-01
 7.95553738610e-01 2.04446261390e-01
 8.31061153644e-01 1.68938846356e-01
 8.60254162019e-01 1.39745837981e-01
 8.83893520154e-01 1.16106479846e-01
 9.02793186438e-01 9.72068135618e-02
 9.17722262578e-01 8.22777374216e-02
 9.29353222835e-01 7.06467771648e-02
 9.38242222934e-01 6.17577770656e-02
 9.44828293981e-01 5.51717060188e-02
 9.49441626844e-01 5.05583731559e-02
 9.52314612984e-01 4.76853870161e-02
 9.53591955502e-01 4.64080444977e-02
 9.53337902087e-01 4.66620979134e-02
 9.51539680618e-01 4.84603193820e-02
 9.48106805373e-01 5.18931946274e-02
 9.42866315944e-01 5.71336840559e-02
 9.35554443662e-01 6.44455563379e-02
 9.25805905362e-01 7.41940946377e-02
 9.13143260845e-01 8.68567391546e-02
 8.96970796862e-01 1.03029203138e-01
 8.76580356135e-01 1.23419643865e-01
 8.51180124020e-01 1.48819875980e-01
 8.19960340119e-01 1.80039659881e-01
 7.82209270560e-01 2.17790729440e-01
 7.37483837398e-01 2.62516162602e-01
 6.85817538418e-01 3.14182461582e-01
 6.27914981018e-01 3.72085018982e-01
 5.65251936390e-01 4.34748063610e-01
 4.99999999997e-01 5.00000000003e-01
 4.34748063615e-01 5.65251936385e-01
 3.72085018979e-01 6.27914981021e-01
 3.14182461583e-01 6.85817538417e-01
 2.62516162603e-01 7.37483837397e-01
 2.17790729437e-01 7.82209270563e-01
 1.80039659885e-01 8.19960340115e-01
 1.48819875976e-01 8.51180124024e-01
 1.23419643868e-01 8.76580356132e-01
 1.03029203136e-01 8.96970796864e-01
 8.68567391568e-02 9.13143260843e-01
 7.41940946363e-02 9.25805905364e-01
 6.44455563387e-02 9.35554443661e-01
 5.71336840554e-02 9.42866315945e-01
 5.18931946279e-02 9.48106805372e-01
 4.84603193813e-02 9.51539680619e-01
 4.66620979141e-02 9.53337902086e-01
 4.64080444968e-02 9.53591955503e-01
 4.76853870169e-02 9.52314612983e-01
 5.05583731552e-02 9.49441626845e-01
 5.51717060192e-02 9.44828293981e-01
 6.17577770654e-02 9.38242222935e-01
 7.06467771649e-02 9.29353222835e-01
 8.22777374214e-02 9.17722262579e-01
 9.72068135623e-02 9.02793186438e-01
 1.16106479845e-01 8.83893520155e-01
 1.39745837981e-01 8.60254162019e-01
 1.68938846356e-01 8.31061153644e-01
 2.04446261390e-01 7.95553738610e-01
 2.46822664287e-01 7.53177335713e-01
 2.96217134447e-01 7.03782865553e-01
 3.52166417651e-01 6.47833582349e-01
 4.13453411802e-01 5.86546588198e-01
 4.78117178090e-01 5.21882821910e-01
 5.43666032639e-01 4.56333967361e-01
 6.07461475313e-01 3.92538524687e-01
 6.67152750203e-01 3.32847249797e-01
 7.21013508295e-01 2.78986491705e-01
 7.68085942591e-01 2.31914057409e-01
 8.08131662866e-01 1.91868337134e-01
 8.41458724341e-01 1.58541275659e-01
 8.68710751298e-01 1.31289248702e-01
 8.90680471096e-01 1.09319528904e-01
 9.08175228543e-01 9.18247714571e-02
 9.21935783853e-01 7.80642161468e-02
 9.32596851147e-01 6.74031488528e-02
 9.40675019498e-01 5.93249805019e-02
 9.46571882540e-01 5.34281174601e-02
 9.50583794938e-01 4.94162050624e-02
 9.52912909653e-01 4.70870903473e-02
 9.53676483259e-01 4.63235167410e-02
