nx     1000
nm     2
    0   -1.9355174e+01    3.0475408e-07
    1   -1.9354111e+01    2.2156345e-04
    2   -1.9353047e+01    4.4282214e-04
    3   -1.9351984e+01    6.6408084e-04
    4   -1.9350921e+01    8.8533953e-04
    5   -1.9349858e+01    1.1065982e-03
    6   -1.9348795e+01    1.3278569e-03
    7   -1.9347732e+01    1.5491156e-03
    8   -1.9346669e+01    1.7703743e-03
    9   -1.9345606e+01    1.9916330e-03
   10   -1.9344521e+01    2.2168191e-03
   11   -1.9341360e+01    2.8308226e-03
   12   -1.9338199e+01    3.4448261e-03
   13   -1.9335037e+01    4.0588296e-03
   14   -1.9331876e+01    4.6728331e-03
   15   -1.9328715e+01    5.2868366e-03
   16   -1.9325553e+01    5.9008401e-03
   17   -1.9322392e+01    6.5148436e-03
   18   -1.9319231e+01    7.1288471e-03
   19   -1.9316069e+01    7.7428506e-03
   20   -1.9312868e+01    8.3616961e-03
   21   -1.9307693e+01    9.2177996e-03
   22   -1.9302517e+01    1.0073903e-02
   23   -1.9297342e+01    1.0930007e-02
   24   -1.9292167e+01    1.1786110e-02
   25   -1.9286992e+01    1.2642214e-02
   26   -1.9281817e+01    1.3498317e-02
   27   -1.9276642e+01    1.4354421e-02
   28   -1.9271466e+01    1.5210524e-02
   29   -1.9266291e+01    1.6066628e-02
   30   -1.9261060e+01    1.6922377e-02
   31   -1.9254011e+01    1.7766674e-02
   32   -1.9246961e+01    1.8610971e-02
   33   -1.9239912e+01    1.9455268e-02
   34   -1.9232863e+01    2.0299565e-02
   35   -1.9225813e+01    2.1143862e-02
   36   -1.9218764e+01    2.1988159e-02
   37   -1.9211715e+01    2.2832456e-02
   38   -1.9204665e+01    2.3676753e-02
   39   -1.9197616e+01    2.4521050e-02
   40   -1.9190500e+01    2.5350392e-02
   41   -1.9181770e+01    2.5820807e-02
   42   -1.9173041e+01    2.6291222e-02
   43   -1.9164311e+01    2.6761637e-02
   44   -1.9155582e+01    2.7232053e-02
   45   -1.9146852e+01    2.7702468e-02
   46   -1.9138123e+01    2.8172883e-02
   47   -1.9129393e+01    2.8643298e-02
   48   -1.9120664e+01    2.9113713e-02
   49   -1.9111934e+01    2.9584129e-02
   50   -1.9103133e+01    3.0011936e-02
   51   -1.9092971e+01    2.9630189e-02
   52   -1.9082809e+01    2.9248442e-02
   53   -1.9072647e+01    2.8866695e-02
   54   -1.9062484e+01    2.8484948e-02
   55   -1.9052322e+01    2.8103201e-02
   56   -1.9042160e+01    2.7721454e-02
   57   -1.9031998e+01    2.7339707e-02
   58   -1.9021836e+01    2.6957960e-02
   59   -1.9011673e+01    2.6576213e-02
   60   -1.9001443e+01    2.6106940e-02
   61   -1.8990150e+01    2.4266426e-02
   62   -1.8978856e+01    2.2425912e-02
   63   -1.8967562e+01    2.0585398e-02
   64   -1.8956268e+01    1.8744884e-02
   65   -1.8944974e+01    1.6904370e-02
   66   -1.8933680e+01    1.5063856e-02
   67   -1.8922386e+01    1.3223342e-02
   68   -1.8911092e+01    1.1382828e-02
   69   -1.8899798e+01    9.5423140e-03
   70   -1.8888450e+01    7.5470501e-03
   71   -1.8876380e+01    3.4958221e-03
   72   -1.8864309e+01   -5.5540587e-04
   73   -1.8852239e+01   -4.6066338e-03
   74   -1.8840168e+01   -8.6578618e-03
   75   -1.8828098e+01   -1.2709090e-02
   76   -1.8816028e+01   -1.6760318e-02
   77   -1.8803957e+01   -2.0811546e-02
   78   -1.8791887e+01   -2.4862774e-02
   79   -1.8779816e+01   -2.8914002e-02
   80   -1.8767717e+01   -3.3215687e-02
   81   -1.8755281e+01   -4.0397634e-02
   82   -1.8742846e+01   -4.7579580e-02
   83   -1.8730410e+01   -5.4761527e-02
   84   -1.8717974e+01   -6.1943473e-02
   85   -1.8705539e+01   -6.9125420e-02
   86   -1.8693103e+01   -7.6307366e-02
   87   -1.8680668e+01   -8.3489313e-02
   88   -1.8668232e+01   -9.0671259e-02
   89   -1.8655797e+01   -9.7853206e-02
   90   -1.8643370e+01   -1.0541743e-01
   91   -1.8631040e+01   -1.1684693e-01
   92   -1.8618709e+01   -1.2827643e-01
   93   -1.8606378e+01   -1.3970593e-01
   94   -1.8594047e+01   -1.5113543e-01
   95   -1.8581716e+01   -1.6256493e-01
   96   -1.8569385e+01   -1.7399443e-01
   97   -1.8557055e+01   -1.8542393e-01
   98   -1.8544724e+01   -1.9685342e-01
   99   -1.8532393e+01   -2.0828292e-01
  100   -1.8520126e+01   -2.2027186e-01
  101   -1.8508429e+01   -2.3729576e-01
  102   -1.8496733e+01   -2.5431965e-01
  103   -1.8485036e+01   -2.7134354e-01
  104   -1.8473340e+01   -2.8836743e-01
  105   -1.8461643e+01   -3.0539133e-01
  106   -1.8449947e+01   -3.2241522e-01
  107   -1.8438250e+01   -3.3943911e-01
  108   -1.8426554e+01   -3.5646301e-01
  109   -1.8414858e+01   -3.7348690e-01
  110   -1.8403295e+01   -3.9130321e-01
  111   -1.8392818e+01   -4.1553091e-01
  112   -1.8382340e+01   -4.3975861e-01
  113   -1.8371863e+01   -4.6398630e-01
  114   -1.8361385e+01   -4.8821400e-01
  115   -1.8350908e+01   -5.1244170e-01
  116   -1.8340430e+01   -5.3666939e-01
  117   -1.8329953e+01   -5.6089709e-01
  118   -1.8319475e+01   -5.8512479e-01
  119   -1.8308998e+01   -6.0935248e-01
  120   -1.8298741e+01   -6.3467223e-01
  121   -1.8290106e+01   -6.6800035e-01
  122   -1.8281471e+01   -7.0132846e-01
  123   -1.8272835e+01   -7.3465658e-01
  124   -1.8264200e+01   -7.6798469e-01
  125   -1.8255565e+01   -8.0131281e-01
  126   -1.8246930e+01   -8.3464092e-01
  127   -1.8238294e+01   -8.6796904e-01
  128   -1.8229659e+01   -9.0129716e-01
  129   -1.8221024e+01   -9.3462527e-01
  130   -1.8212709e+01   -9.6942028e-01
  131   -1.8206538e+01   -1.0140322e+00
  132   -1.8200367e+01   -1.0586441e+00
  133   -1.8194196e+01   -1.1032560e+00
  134   -1.8188025e+01   -1.1478679e+00
  135   -1.8181854e+01   -1.1924799e+00
  136   -1.8175682e+01   -1.2370918e+00
  137   -1.8169511e+01   -1.2817037e+00
  138   -1.8163340e+01   -1.3263156e+00
  139   -1.8157169e+01   -1.3709275e+00
  140   -1.8151419e+01   -1.4174578e+00
  141   -1.8148252e+01   -1.4757725e+00
  142   -1.8145085e+01   -1.5340871e+00
  143   -1.8141918e+01   -1.5924017e+00
  144   -1.8138751e+01   -1.6507164e+00
  145   -1.8135584e+01   -1.7090310e+00
  146   -1.8132418e+01   -1.7673456e+00
  147   -1.8129251e+01   -1.8256603e+00
  148   -1.8126084e+01   -1.8839749e+00
  149   -1.8122917e+01   -1.9422895e+00
  150   -1.8120248e+01   -2.0030369e+00
  151   -1.8120400e+01   -2.0775695e+00
  152   -1.8120553e+01   -2.1521022e+00
  153   -1.8120705e+01   -2.2266348e+00
  154   -1.8120858e+01   -2.3011675e+00
  155   -1.8121011e+01   -2.3757001e+00
  156   -1.8121163e+01   -2.4502328e+00
  157   -1.8121316e+01   -2.5247655e+00
  158   -1.8121468e+01   -2.5992981e+00
  159   -1.8121621e+01   -2.6738308e+00
  160   -1.8122282e+01   -2.7513324e+00
  161   -1.8125617e+01   -2.8444211e+00
  162   -1.8128952e+01   -2.9375099e+00
  163   -1.8132287e+01   -3.0305986e+00
  164   -1.8135622e+01   -3.1236873e+00
  165   -1.8138956e+01   -3.2167761e+00
  166   -1.8142291e+01   -3.3098648e+00
  167   -1.8145626e+01   -3.4029535e+00
  168   -1.8148961e+01   -3.4960423e+00
  169   -1.8152296e+01   -3.5891310e+00
  170   -1.8156016e+01   -3.6856648e+00
  171   -1.8161620e+01   -3.7990185e+00
  172   -1.8167224e+01   -3.9123723e+00
  173   -1.8172828e+01   -4.0257261e+00
  174   -1.8178432e+01   -4.1390798e+00
  175   -1.8184036e+01   -4.2524336e+00
  176   -1.8189640e+01   -4.3657874e+00
  177   -1.8195243e+01   -4.4791411e+00
  178   -1.8200847e+01   -4.5924949e+00
  179   -1.8206451e+01   -4.7058487e+00
  180   -1.8212088e+01   -4.8229288e+00
  181   -1.8217874e+01   -4.9569847e+00
  182   -1.8223661e+01   -5.0910406e+00
  183   -1.8229448e+01   -5.2250965e+00
  184   -1.8235234e+01   -5.3591524e+00
  185   -1.8241021e+01   -5.4932082e+00
  186   -1.8246807e+01   -5.6272641e+00
  187   -1.8252594e+01   -5.7613200e+00
  188   -1.8258380e+01   -5.8953759e+00
  189   -1.8264167e+01   -6.0294318e+00
  190   -1.8269297e+01   -6.1671163e+00
  191   -1.8271628e+01   -6.3202705e+00
  192   -1.8273959e+01   -6.4734246e+00
  193   -1.8276290e+01   -6.6265788e+00
  194   -1.8278621e+01   -6.7797329e+00
  195   -1.8280951e+01   -6.9328871e+00
  196   -1.8283282e+01   -7.0860412e+00
  197   -1.8285613e+01   -7.2391954e+00
  198   -1.8287944e+01   -7.3923495e+00
  199   -1.8290275e+01   -7.5455037e+00
  200   -1.8290842e+01   -7.7016081e+00
  201   -1.8284352e+01   -7.8695134e+00
  202   -1.8277862e+01   -8.0374187e+00
  203   -1.8271371e+01   -8.2053241e+00
  204   -1.8264881e+01   -8.3732294e+00
  205   -1.8258391e+01   -8.5411347e+00
  206   -1.8251901e+01   -8.7090401e+00
  207   -1.8245411e+01   -8.8769454e+00
  208   -1.8238921e+01   -9.0448507e+00
  209   -1.8232431e+01   -9.2127561e+00
  210   -1.8222660e+01   -9.3822070e+00
  211   -1.8200549e+01   -9.5574722e+00
  212   -1.8178437e+01   -9.7327373e+00
  213   -1.8156326e+01   -9.9080025e+00
  214   -1.8134214e+01   -1.0083268e+01
  215   -1.8112103e+01   -1.0258533e+01
  216   -1.8089991e+01   -1.0433798e+01
  217   -1.8067879e+01   -1.0609063e+01
  218   -1.8045768e+01   -1.0784328e+01
  219   -1.8023656e+01   -1.0959594e+01
  220   -1.7996514e+01   -1.1134289e+01
  221   -1.7951535e+01   -1.1306963e+01
  222   -1.7906556e+01   -1.1479638e+01
  223   -1.7861576e+01   -1.1652312e+01
  224   -1.7816597e+01   -1.1824987e+01
  225   -1.7771618e+01   -1.1997661e+01
  226   -1.7726639e+01   -1.2170336e+01
  227   -1.7681659e+01   -1.2343010e+01
  228   -1.7636680e+01   -1.2515684e+01
  229   -1.7591701e+01   -1.2688359e+01
  230   -1.7540079e+01   -1.2857900e+01
  231   -1.7466219e+01   -1.3016953e+01
  232   -1.7392358e+01   -1.3176005e+01
  233   -1.7318498e+01   -1.3335058e+01
  234   -1.7244638e+01   -1.3494110e+01
  235   -1.7170777e+01   -1.3653163e+01
  236   -1.7096917e+01   -1.3812216e+01
  237   -1.7023056e+01   -1.3971268e+01
  238   -1.6949196e+01   -1.4130321e+01
  239   -1.6875335e+01   -1.4289373e+01
  240   -1.6793862e+01   -1.4442786e+01
  241   -1.6688281e+01   -1.4578341e+01
  242   -1.6582699e+01   -1.4713895e+01
  243   -1.6477118e+01   -1.4849450e+01
  244   -1.6371536e+01   -1.4985004e+01
  245   -1.6265955e+01   -1.5120559e+01
  246   -1.6160373e+01   -1.5256113e+01
  247   -1.6054792e+01   -1.5391668e+01
  248   -1.5949211e+01   -1.5527223e+01
  249   -1.5843629e+01   -1.5662777e+01
  250   -1.5730554e+01   -1.5790838e+01
  251   -1.5595000e+01   -1.5896420e+01
  252   -1.5459445e+01   -1.6002001e+01
  253   -1.5323891e+01   -1.6107583e+01
  254   -1.5188336e+01   -1.6213164e+01
  255   -1.5052782e+01   -1.6318745e+01
  256   -1.4917227e+01   -1.6424327e+01
  257   -1.4781672e+01   -1.6529908e+01
  258   -1.4646118e+01   -1.6635490e+01
  259   -1.4510563e+01   -1.6741071e+01
  260   -1.4368899e+01   -1.6838405e+01
  261   -1.4209847e+01   -1.6912265e+01
  262   -1.4050794e+01   -1.6986126e+01
  263   -1.3891742e+01   -1.7059986e+01
  264   -1.3732689e+01   -1.7133847e+01
  265   -1.3573637e+01   -1.7207707e+01
  266   -1.3414584e+01   -1.7281568e+01
  267   -1.3255532e+01   -1.7355428e+01
  268   -1.3096479e+01   -1.7429289e+01
  269   -1.2937427e+01   -1.7503149e+01
  270   -1.2774696e+01   -1.7569212e+01
  271   -1.2602022e+01   -1.7614191e+01
  272   -1.2429347e+01   -1.7659170e+01
  273   -1.2256673e+01   -1.7704149e+01
  274   -1.2083999e+01   -1.7749129e+01
  275   -1.1911324e+01   -1.7794108e+01
  276   -1.1738650e+01   -1.7839087e+01
  277   -1.1565975e+01   -1.7884066e+01
  278   -1.1393301e+01   -1.7929046e+01
  279   -1.1220627e+01   -1.7974025e+01
  280   -1.1047227e+01   -1.8012601e+01
  281   -1.0871961e+01   -1.8034713e+01
  282   -1.0696696e+01   -1.8056824e+01
  283   -1.0521431e+01   -1.8078935e+01
  284   -1.0346166e+01   -1.8101047e+01
  285   -1.0170900e+01   -1.8123158e+01
  286   -9.9956349e+00   -1.8145270e+01
  287   -9.8203696e+00   -1.8167381e+01
  288   -9.6451043e+00   -1.8189492e+01
  289   -9.4698389e+00   -1.8211604e+01
  290   -9.2967081e+00   -1.8229185e+01
  291   -9.1288028e+00   -1.8235675e+01
  292   -8.9608976e+00   -1.8242165e+01
  293   -8.7929923e+00   -1.8248656e+01
  294   -8.6250871e+00   -1.8255146e+01
  295   -8.4571819e+00   -1.8261636e+01
  296   -8.2892766e+00   -1.8268126e+01
  297   -8.1213714e+00   -1.8274616e+01
  298   -7.9534661e+00   -1.8281107e+01
  299   -7.7855609e+00   -1.8287597e+01
  300   -7.6220810e+00   -1.8291441e+01
  301   -7.4689268e+00   -1.8289110e+01
  302   -7.3157726e+00   -1.8286779e+01
  303   -7.1626184e+00   -1.8284448e+01
  304   -7.0094642e+00   -1.8282117e+01
  305   -6.8563099e+00   -1.8279786e+01
  306   -6.7031557e+00   -1.8277455e+01
  307   -6.5500015e+00   -1.8275124e+01
  308   -6.3968473e+00   -1.8272793e+01
  309   -6.2436931e+00   -1.8270462e+01
  310   -6.0964594e+00   -1.8267060e+01
  311   -5.9624036e+00   -1.8261273e+01
  312   -5.8283479e+00   -1.8255487e+01
  313   -5.6942921e+00   -1.8249701e+01
  314   -5.5602363e+00   -1.8243914e+01
  315   -5.4261805e+00   -1.8238128e+01
  316   -5.2921247e+00   -1.8232341e+01
  317   -5.1580689e+00   -1.8226555e+01
  318   -5.0240131e+00   -1.8220768e+01
  319   -4.8899573e+00   -1.8214982e+01
  320   -4.7625261e+00   -1.8209254e+01
  321   -4.6491723e+00   -1.8203650e+01
  322   -4.5358184e+00   -1.8198046e+01
  323   -4.4224646e+00   -1.8192442e+01
  324   -4.3091107e+00   -1.8186838e+01
  325   -4.1957569e+00   -1.8181234e+01
  326   -4.0824030e+00   -1.8175630e+01
  327   -3.9690491e+00   -1.8170026e+01
  328   -3.8556953e+00   -1.8164422e+01
  329   -3.7423414e+00   -1.8158818e+01
  330   -3.6356751e+00   -1.8153963e+01
  331   -3.5425863e+00   -1.8150628e+01
  332   -3.4494976e+00   -1.8147293e+01
  333   -3.3564089e+00   -1.8143958e+01
  334   -3.2633202e+00   -1.8140624e+01
  335   -3.1702314e+00   -1.8137289e+01
  336   -3.0771427e+00   -1.8133954e+01
  337   -2.9840540e+00   -1.8130619e+01
  338   -2.8909653e+00   -1.8127284e+01
  339   -2.7978765e+00   -1.8123949e+01
  340   -2.7110969e+00   -1.8121697e+01
  341   -2.6365643e+00   -1.8121544e+01
  342   -2.5620317e+00   -1.8121392e+01
  343   -2.4874991e+00   -1.8121239e+01
  344   -2.4129665e+00   -1.8121087e+01
  345   -2.3384339e+00   -1.8120934e+01
  346   -2.2639013e+00   -1.8120782e+01
  347   -2.1893686e+00   -1.8120629e+01
  348   -2.1148360e+00   -1.8120477e+01
  349   -2.0403034e+00   -1.8120324e+01
  350   -1.9714471e+00   -1.8121334e+01
  351   -1.9131324e+00   -1.8124501e+01
  352   -1.8548178e+00   -1.8127667e+01
  353   -1.7965031e+00   -1.8130834e+01
  354   -1.7381885e+00   -1.8134001e+01
  355   -1.6798738e+00   -1.8137168e+01
  356   -1.6215591e+00   -1.8140335e+01
  357   -1.5632445e+00   -1.8143502e+01
  358   -1.5049298e+00   -1.8146669e+01
  359   -1.4466152e+00   -1.8149835e+01
  360   -1.3932335e+00   -1.8154084e+01
  361   -1.3486216e+00   -1.8160255e+01
  362   -1.3040097e+00   -1.8166426e+01
  363   -1.2593977e+00   -1.8172597e+01
  364   -1.2147858e+00   -1.8178768e+01
  365   -1.1701739e+00   -1.8184939e+01
  366   -1.1255620e+00   -1.8191110e+01
  367   -1.0809501e+00   -1.8197281e+01
  368   -1.0363381e+00   -1.8203452e+01
  369   -9.9172621e-01   -1.8209623e+01
  370   -9.5128930e-01   -1.8216706e+01
  371   -9.1796120e-01   -1.8225341e+01
  372   -8.8463310e-01   -1.8233977e+01
  373   -8.5130501e-01   -1.8242612e+01
  374   -8.1797691e-01   -1.8251247e+01
  375   -7.8464881e-01   -1.8259883e+01
  376   -7.5132071e-01   -1.8268518e+01
  377   -7.1799261e-01   -1.8277153e+01
  378   -6.8466451e-01   -1.8285788e+01
  379   -6.5133641e-01   -1.8294424e+01
  380   -6.2146644e-01   -1.8303759e+01
  381   -5.9723868e-01   -1.8314236e+01
  382   -5.7301092e-01   -1.8324714e+01
  383   -5.4878317e-01   -1.8335191e+01
  384   -5.2455541e-01   -1.8345669e+01
  385   -5.0032765e-01   -1.8356146e+01
  386   -4.7609989e-01   -1.8366624e+01
  387   -4.5187213e-01   -1.8377101e+01
  388   -4.2764438e-01   -1.8387579e+01
  389   -4.0341662e-01   -1.8398056e+01
  390   -3.8199841e-01   -1.8409009e+01
  391   -3.6497463e-01   -1.8420705e+01
  392   -3.4795084e-01   -1.8432402e+01
  393   -3.3092705e-01   -1.8444099e+01
  394   -3.1390327e-01   -1.8455795e+01
  395   -2.9687948e-01   -1.8467492e+01
  396   -2.7985570e-01   -1.8479188e+01
  397   -2.6283191e-01   -1.8490885e+01
  398   -2.4580813e-01   -1.8502581e+01
  399   -2.2878434e-01   -1.8514278e+01
  400   -2.1399822e-01   -1.8526228e+01
  401   -2.0256859e-01   -1.8538559e+01
  402   -1.9113897e-01   -1.8550889e+01
  403   -1.7970934e-01   -1.8563220e+01
  404   -1.6827971e-01   -1.8575551e+01
  405   -1.5685009e-01   -1.8587882e+01
  406   -1.4542046e-01   -1.8600212e+01
  407   -1.3399083e-01   -1.8612543e+01
  408   -1.2256120e-01   -1.8624874e+01
  409   -1.1113158e-01   -1.8637204e+01
  410   -1.0144355e-01   -1.8649578e+01
  411   -9.4261722e-02   -1.8662014e+01
  412   -8.7079895e-02   -1.8674450e+01
  413   -7.9898068e-02   -1.8686885e+01
  414   -7.2716241e-02   -1.8699321e+01
  415   -6.5534415e-02   -1.8711757e+01
  416   -5.8352588e-02   -1.8724192e+01
  417   -5.1170761e-02   -1.8736628e+01
  418   -4.3988934e-02   -1.8749064e+01
  419   -3.6807107e-02   -1.8761499e+01
  420   -3.0940104e-02   -1.8773782e+01
  421   -2.6888808e-02   -1.8785852e+01
  422   -2.2837513e-02   -1.8797922e+01
  423   -1.8786218e-02   -1.8809993e+01
  424   -1.4734922e-02   -1.8822063e+01
  425   -1.0683627e-02   -1.8834133e+01
  426   -6.6323318e-03   -1.8846204e+01
  427   -2.5810364e-03   -1.8858274e+01
  428    1.4702589e-03   -1.8870344e+01
  429    5.5215543e-03   -1.8882415e+01
  430    8.6222050e-03   -1.8894151e+01
  431    1.0462699e-02   -1.8905445e+01
  432    1.2303193e-02   -1.8916739e+01
  433    1.4143687e-02   -1.8928033e+01
  434    1.5984181e-02   -1.8939327e+01
  435    1.7824675e-02   -1.8950621e+01
  436    1.9665169e-02   -1.8961915e+01
  437    2.1505663e-02   -1.8973209e+01
  438    2.3346157e-02   -1.8984503e+01
  439    2.5186651e-02   -1.8995797e+01
  440    2.6385289e-02   -1.9006592e+01
  441    2.6767019e-02   -1.9016755e+01
  442    2.7148750e-02   -1.9026917e+01
  443    2.7530480e-02   -1.9037079e+01
  444    2.7912210e-02   -1.9047241e+01
  445    2.8293940e-02   -1.9057403e+01
  446    2.8675670e-02   -1.9067566e+01
  447    2.9057401e-02   -1.9077728e+01
  448    2.9439131e-02   -1.9087890e+01
  449    2.9820861e-02   -1.9098052e+01
  450    2.9819141e-02   -1.9107570e+01
  451    2.9348758e-02   -1.9116299e+01
  452    2.8878375e-02   -1.9125029e+01
  453    2.8407993e-02   -1.9133758e+01
  454    2.7937610e-02   -1.9142487e+01
  455    2.7467228e-02   -1.9151217e+01
  456    2.6996845e-02   -1.9159946e+01
  457    2.6526463e-02   -1.9168676e+01
  458    2.6056080e-02   -1.9177405e+01
  459    2.5585698e-02   -1.9186135e+01
  460    2.4943320e-02   -1.9194091e+01
  461    2.4099035e-02   -1.9201141e+01
  462    2.3254750e-02   -1.9208190e+01
  463    2.2410466e-02   -1.9215239e+01
  464    2.1566181e-02   -1.9222288e+01
  465    2.0721896e-02   -1.9229338e+01
  466    1.9877611e-02   -1.9236387e+01
  467    1.9033327e-02   -1.9243436e+01
  468    1.8189042e-02   -1.9250486e+01
  469    1.7344757e-02   -1.9257535e+01
  470    1.6494909e-02   -1.9263703e+01
  471    1.5638789e-02   -1.9268879e+01
  472    1.4782669e-02   -1.9274054e+01
  473    1.3926549e-02   -1.9279229e+01
  474    1.3070429e-02   -1.9284404e+01
  475    1.2214309e-02   -1.9289579e+01
  476    1.1358188e-02   -1.9294755e+01
  477    1.0502068e-02   -1.9299930e+01
  478    9.6459481e-03   -1.9305105e+01
  479    8.7898280e-03   -1.9310280e+01
  480    8.0499178e-03   -1.9314489e+01
  481    7.4359017e-03   -1.9317650e+01
  482    6.8218856e-03   -1.9320811e+01
  483    6.2078695e-03   -1.9323973e+01
  484    5.5938535e-03   -1.9327134e+01
  485    4.9798374e-03   -1.9330295e+01
  486    4.3658213e-03   -1.9333457e+01
  487    3.7518053e-03   -1.9336618e+01
  488    3.1377892e-03   -1.9339779e+01
  489    2.5237731e-03   -1.9342941e+01
  490    2.1021904e-03   -1.9345074e+01
  491    1.8808955e-03   -1.9346137e+01
  492    1.6596005e-03   -1.9347200e+01
  493    1.4383056e-03   -1.9348264e+01
  494    1.2170106e-03   -1.9349327e+01
  495    9.9571565e-04   -1.9350390e+01
  496    7.7442069e-04   -1.9351453e+01
  497    5.5312574e-04   -1.9352516e+01
  498    3.3183079e-04   -1.9353579e+01
  499    1.1053584e-04   -1.9354643e+01
  500    1.1054996e-04   -1.9354643e+01
  501    3.3187317e-04   -1.9353579e+01
  502    5.5319637e-04   -1.9352516e+01
  503    7.7451957e-04   -1.9351453e+01
  504    9.9584278e-04   -1.9350390e+01
  505    1.2171660e-03   -1.9349327e+01
  506    1.4384892e-03   -1.9348263e+01
  507    1.6598124e-03   -1.9347200e+01
  508    1.8811356e-03   -1.9346137e+01
  509    2.1024588e-03   -1.9345074e+01
  510    2.5240437e-03   -1.9342941e+01
  511    3.1380370e-03   -1.9339779e+01
  512    3.7520303e-03   -1.9336618e+01
  513    4.3660236e-03   -1.9333457e+01
  514    4.9800169e-03   -1.9330295e+01
  515    5.5940102e-03   -1.9327134e+01
  516    6.2080035e-03   -1.9323973e+01
  517    6.8219967e-03   -1.9320811e+01
  518    7.4359900e-03   -1.9317650e+01
  519    8.0499833e-03   -1.9314489e+01
  520    8.7898618e-03   -1.9310280e+01
  521    9.6459420e-03   -1.9305105e+01
  522    1.0502022e-02   -1.9299930e+01
  523    1.1358102e-02   -1.9294755e+01
  524    1.2214183e-02   -1.9289579e+01
  525    1.3070263e-02   -1.9284404e+01
  526    1.3926343e-02   -1.9279229e+01
  527    1.4782423e-02   -1.9274054e+01
  528    1.5638504e-02   -1.9268879e+01
  529    1.6494584e-02   -1.9263704e+01
  530    1.7344422e-02   -1.9257535e+01
  531    1.8188726e-02   -1.9250486e+01
  532    1.9033030e-02   -1.9243437e+01
  533    1.9877334e-02   -1.9236387e+01
  534    2.0721638e-02   -1.9229338e+01
  535    2.1565941e-02   -1.9222289e+01
  536    2.2410245e-02   -1.9215239e+01
  537    2.3254549e-02   -1.9208190e+01
  538    2.4098853e-02   -1.9201141e+01
  539    2.4943156e-02   -1.9194091e+01
  540    2.5585570e-02   -1.9186135e+01
  541    2.6056004e-02   -1.9177405e+01
  542    2.6526438e-02   -1.9168676e+01
  543    2.6996871e-02   -1.9159946e+01
  544    2.7467305e-02   -1.9151217e+01
  545    2.7937739e-02   -1.9142487e+01
  546    2.8408172e-02   -1.9133758e+01
  547    2.8878606e-02   -1.9125028e+01
  548    2.9349040e-02   -1.9116299e+01
  549    2.9819473e-02   -1.9107569e+01
  550    2.9821200e-02   -1.9098052e+01
  551    2.9439440e-02   -1.9087890e+01
  552    2.9057679e-02   -1.9077728e+01
  553    2.8675919e-02   -1.9067565e+01
  554    2.8294158e-02   -1.9057403e+01
  555    2.7912398e-02   -1.9047241e+01
  556    2.7530637e-02   -1.9037079e+01
  557    2.7148876e-02   -1.9026917e+01
  558    2.6767116e-02   -1.9016755e+01
  559    2.6385355e-02   -1.9006592e+01
  560    2.5186682e-02   -1.8995796e+01
  561    2.3346149e-02   -1.8984503e+01
  562    2.1505615e-02   -1.8973209e+01
  563    1.9665082e-02   -1.8961915e+01
  564    1.7824549e-02   -1.8950621e+01
  565    1.5984016e-02   -1.8939327e+01
  566    1.4143482e-02   -1.8928033e+01
  567    1.2302949e-02   -1.8916739e+01
  568    1.0462416e-02   -1.8905445e+01
  569    8.6218822e-03   -1.8894151e+01
  570    5.5212679e-03   -1.8882415e+01
  571    1.4700662e-03   -1.8870345e+01
  572   -2.5811355e-03   -1.8858274e+01
  573   -6.6323372e-03   -1.8846204e+01
  574   -1.0683539e-02   -1.8834133e+01
  575   -1.4734741e-02   -1.8822063e+01
  576   -1.8785942e-02   -1.8809992e+01
  577   -2.2837144e-02   -1.8797922e+01
  578   -2.6888346e-02   -1.8785852e+01
  579   -3.0939547e-02   -1.8773781e+01
  580   -3.6806574e-02   -1.8761499e+01
  581   -4.3988508e-02   -1.8749063e+01
  582   -5.1170442e-02   -1.8736628e+01
  583   -5.8352376e-02   -1.8724192e+01
  584   -6.5534311e-02   -1.8711757e+01
  585   -7.2716245e-02   -1.8699321e+01
  586   -7.9898179e-02   -1.8686885e+01
  587   -8.7080113e-02   -1.8674450e+01
  588   -9.4262047e-02   -1.8662014e+01
  589   -1.0144398e-01   -1.8649579e+01
  590   -1.1113201e-01   -1.8637205e+01
  591   -1.2256157e-01   -1.8624874e+01
  592   -1.3399112e-01   -1.8612543e+01
  593   -1.4542067e-01   -1.8600213e+01
  594   -1.5685023e-01   -1.8587882e+01
  595   -1.6827978e-01   -1.8575551e+01
  596   -1.7970934e-01   -1.8563220e+01
  597   -1.9113889e-01   -1.8550889e+01
  598   -2.0256844e-01   -1.8538559e+01
  599   -2.1399800e-01   -1.8526228e+01
  600   -2.2878413e-01   -1.8514278e+01
  601   -2.4580799e-01   -1.8502581e+01
  602   -2.6283184e-01   -1.8490885e+01
  603   -2.7985569e-01   -1.8479188e+01
  604   -2.9687955e-01   -1.8467492e+01
  605   -3.1390340e-01   -1.8455795e+01
  606   -3.3092725e-01   -1.8444099e+01
  607   -3.4795111e-01   -1.8432402e+01
  608   -3.6497496e-01   -1.8420706e+01
  609   -3.8199882e-01   -1.8409009e+01
  610   -4.0341700e-01   -1.8398056e+01
  611   -4.2764468e-01   -1.8387579e+01
  612   -4.5187235e-01   -1.8377101e+01
  613   -4.7610003e-01   -1.8366624e+01
  614   -5.0032770e-01   -1.8356146e+01
  615   -5.2455538e-01   -1.8345669e+01
  616   -5.4878305e-01   -1.8335191e+01
  617   -5.7301073e-01   -1.8324714e+01
  618   -5.9723840e-01   -1.8314236e+01
  619   -6.2146608e-01   -1.8303759e+01
  620   -6.5133604e-01   -1.8294423e+01
  621   -6.8466419e-01   -1.8285788e+01
  622   -7.1799233e-01   -1.8277153e+01
  623   -7.5132048e-01   -1.8268518e+01
  624   -7.8464862e-01   -1.8259882e+01
  625   -8.1797677e-01   -1.8251247e+01
  626   -8.5130491e-01   -1.8242612e+01
  627   -8.8463306e-01   -1.8233977e+01
  628   -9.1796121e-01   -1.8225341e+01
  629   -9.5128935e-01   -1.8216706e+01
  630   -9.9172628e-01   -1.8209623e+01
  631   -1.0363382e+00   -1.8203452e+01
  632   -1.0809501e+00   -1.8197281e+01
  633   -1.1255621e+00   -1.8191110e+01
  634   -1.1701740e+00   -1.8184939e+01
  635   -1.2147859e+00   -1.8178768e+01
  636   -1.2593979e+00   -1.8172597e+01
  637   -1.3040098e+00   -1.8166426e+01
  638   -1.3486217e+00   -1.8160255e+01
  639   -1.3932337e+00   -1.8154084e+01
  640   -1.4466153e+00   -1.8149836e+01
  641   -1.5049299e+00   -1.8146669e+01
  642   -1.5632445e+00   -1.8143502e+01
  643   -1.6215592e+00   -1.8140335e+01
  644   -1.6798738e+00   -1.8137168e+01
  645   -1.7381884e+00   -1.8134001e+01
  646   -1.7965030e+00   -1.8130834e+01
  647   -1.8548176e+00   -1.8127667e+01
  648   -1.9131322e+00   -1.8124500e+01
  649   -1.9714469e+00   -1.8121333e+01
  650   -2.0403032e+00   -1.8120324e+01
  651   -2.1148358e+00   -1.8120477e+01
  652   -2.1893685e+00   -1.8120629e+01
  653   -2.2639011e+00   -1.8120782e+01
  654   -2.3384338e+00   -1.8120934e+01
  655   -2.4129664e+00   -1.8121087e+01
  656   -2.4874990e+00   -1.8121239e+01
  657   -2.5620317e+00   -1.8121392e+01
  658   -2.6365643e+00   -1.8121544e+01
  659   -2.7110970e+00   -1.8121697e+01
  660   -2.7978766e+00   -1.8123950e+01
  661   -2.8909654e+00   -1.8127284e+01
  662   -2.9840541e+00   -1.8130619e+01
  663   -3.0771429e+00   -1.8133954e+01
  664   -3.1702316e+00   -1.8137289e+01
  665   -3.2633204e+00   -1.8140624e+01
  666   -3.3564091e+00   -1.8143959e+01
  667   -3.4494978e+00   -1.8147293e+01
  668   -3.5425866e+00   -1.8150628e+01
  669   -3.6356753e+00   -1.8153963e+01
  670   -3.7423416e+00   -1.8158818e+01
  671   -3.8556954e+00   -1.8164422e+01
  672   -3.9690492e+00   -1.8170026e+01
  673   -4.0824030e+00   -1.8175630e+01
  674   -4.1957568e+00   -1.8181234e+01
  675   -4.3091106e+00   -1.8186838e+01
  676   -4.4224643e+00   -1.8192442e+01
  677   -4.5358181e+00   -1.8198045e+01
  678   -4.6491719e+00   -1.8203649e+01
  679   -4.7625257e+00   -1.8209253e+01
  680   -4.8899569e+00   -1.8214981e+01
  681   -5.0240128e+00   -1.8220768e+01
  682   -5.1580687e+00   -1.8226554e+01
  683   -5.2921245e+00   -1.8232341e+01
  684   -5.4261804e+00   -1.8238128e+01
  685   -5.5602363e+00   -1.8243914e+01
  686   -5.6942922e+00   -1.8249701e+01
  687   -5.8283481e+00   -1.8255487e+01
  688   -5.9624039e+00   -1.8261274e+01
  689   -6.0964598e+00   -1.8267060e+01
  690   -6.2436935e+00   -1.8270462e+01
  691   -6.3968476e+00   -1.8272793e+01
  692   -6.5500017e+00   -1.8275124e+01
  693   -6.7031559e+00   -1.8277455e+01
  694   -6.8563100e+00   -1.8279786e+01
  695   -7.0094641e+00   -1.8282117e+01
  696   -7.1626182e+00   -1.8284448e+01
  697   -7.3157724e+00   -1.8286779e+01
  698   -7.4689265e+00   -1.8289109e+01
  699   -7.6220806e+00   -1.8291440e+01
  700   -7.7855606e+00   -1.8287597e+01
  701   -7.9534659e+00   -1.8281106e+01
  702   -8.1213712e+00   -1.8274616e+01
  703   -8.2892766e+00   -1.8268126e+01
  704   -8.4571819e+00   -1.8261636e+01
  705   -8.6250872e+00   -1.8255146e+01
  706   -8.7929925e+00   -1.8248656e+01
  707   -8.9608979e+00   -1.8242166e+01
  708   -9.1288032e+00   -1.8235676e+01
  709   -9.2967085e+00   -1.8229185e+01
  710   -9.4698394e+00   -1.8211604e+01
  711   -9.6451046e+00   -1.8189493e+01
  712   -9.8203698e+00   -1.8167381e+01
  713   -9.9956350e+00   -1.8145270e+01
  714   -1.0170900e+01   -1.8123158e+01
  715   -1.0346165e+01   -1.8101047e+01
  716   -1.0521431e+01   -1.8078935e+01
  717   -1.0696696e+01   -1.8056824e+01
  718   -1.0871961e+01   -1.8034712e+01
  719   -1.1047226e+01   -1.8012601e+01
  720   -1.1220626e+01   -1.7974025e+01
  721   -1.1393301e+01   -1.7929045e+01
  722   -1.1565975e+01   -1.7884066e+01
  723   -1.1738650e+01   -1.7839087e+01
  724   -1.1911324e+01   -1.7794108e+01
  725   -1.2083999e+01   -1.7749129e+01
  726   -1.2256673e+01   -1.7704149e+01
  727   -1.2429347e+01   -1.7659170e+01
  728   -1.2602022e+01   -1.7614191e+01
  729   -1.2774696e+01   -1.7569212e+01
  730   -1.2937427e+01   -1.7503149e+01
  731   -1.3096479e+01   -1.7429289e+01
  732   -1.3255532e+01   -1.7355428e+01
  733   -1.3414584e+01   -1.7281568e+01
  734   -1.3573637e+01   -1.7207708e+01
  735   -1.3732689e+01   -1.7133847e+01
  736   -1.3891742e+01   -1.7059987e+01
  737   -1.4050795e+01   -1.6986126e+01
  738   -1.4209847e+01   -1.6912266e+01
  739   -1.4368900e+01   -1.6838405e+01
  740   -1.4510564e+01   -1.6741071e+01
  741   -1.4646118e+01   -1.6635490e+01
  742   -1.4781673e+01   -1.6529908e+01
  743   -1.4917227e+01   -1.6424327e+01
  744   -1.5052782e+01   -1.6318745e+01
  745   -1.5188336e+01   -1.6213164e+01
  746   -1.5323890e+01   -1.6107582e+01
  747   -1.5459445e+01   -1.6002001e+01
  748   -1.5594999e+01   -1.5896419e+01
  749   -1.5730554e+01   -1.5790838e+01
  750   -1.5843629e+01   -1.5662777e+01
  751   -1.5949210e+01   -1.5527222e+01
  752   -1.6054792e+01   -1.5391668e+01
  753   -1.6160373e+01   -1.5256113e+01
  754   -1.6265955e+01   -1.5120559e+01
  755   -1.6371536e+01   -1.4985004e+01
  756   -1.6477118e+01   -1.4849450e+01
  757   -1.6582699e+01   -1.4713895e+01
  758   -1.6688280e+01   -1.4578341e+01
  759   -1.6793862e+01   -1.4442786e+01
  760   -1.6875335e+01   -1.4289373e+01
  761   -1.6949196e+01   -1.4130321e+01
  762   -1.7023056e+01   -1.3971268e+01
  763   -1.7096917e+01   -1.3812216e+01
  764   -1.7170777e+01   -1.3653163e+01
  765   -1.7244638e+01   -1.3494111e+01
  766   -1.7318498e+01   -1.3335058e+01
  767   -1.7392359e+01   -1.3176006e+01
  768   -1.7466219e+01   -1.3016953e+01
  769   -1.7540079e+01   -1.2857901e+01
  770   -1.7591701e+01   -1.2688359e+01
  771   -1.7636681e+01   -1.2515685e+01
  772   -1.7681660e+01   -1.2343010e+01
  773   -1.7726639e+01   -1.2170336e+01
  774   -1.7771618e+01   -1.1997661e+01
  775   -1.7816597e+01   -1.1824987e+01
  776   -1.7861576e+01   -1.1652312e+01
  777   -1.7906556e+01   -1.1479638e+01
  778   -1.7951535e+01   -1.1306963e+01
  779   -1.7996514e+01   -1.1134289e+01
  780   -1.8023656e+01   -1.0959594e+01
  781   -1.8045768e+01   -1.0784328e+01
  782   -1.8067879e+01   -1.0609063e+01
  783   -1.8089991e+01   -1.0433798e+01
  784   -1.8112102e+01   -1.0258533e+01
  785   -1.8134214e+01   -1.0083268e+01
  786   -1.8156325e+01   -9.9080024e+00
  787   -1.8178437e+01   -9.7327372e+00
  788   -1.8200548e+01   -9.5574720e+00
  789   -1.8222660e+01   -9.3822068e+00
  790   -1.8232431e+01   -9.2127559e+00
  791   -1.8238921e+01   -9.0448505e+00
  792   -1.8245411e+01   -8.8769452e+00
  793   -1.8251901e+01   -8.7090399e+00
  794   -1.8258391e+01   -8.5411346e+00
  795   -1.8264881e+01   -8.3732293e+00
  796   -1.8271371e+01   -8.2053239e+00
  797   -1.8277861e+01   -8.0374186e+00
  798   -1.8284352e+01   -7.8695133e+00
  799   -1.8290842e+01   -7.7016080e+00
  800   -1.8290275e+01   -7.5455036e+00
  801   -1.8287944e+01   -7.3923495e+00
  802   -1.8285613e+01   -7.2391953e+00
  803   -1.8283282e+01   -7.0860412e+00
  804   -1.8280951e+01   -6.9328871e+00
  805   -1.8278621e+01   -6.7797330e+00
  806   -1.8276290e+01   -6.6265788e+00
  807   -1.8273959e+01   -6.4734247e+00
  808   -1.8271628e+01   -6.3202706e+00
  809   -1.8269297e+01   -6.1671165e+00
  810   -1.8264167e+01   -6.0294319e+00
  811   -1.8258381e+01   -5.8953760e+00
  812   -1.8252594e+01   -5.7613202e+00
  813   -1.8246807e+01   -5.6272643e+00
  814   -1.8241021e+01   -5.4932084e+00
  815   -1.8235234e+01   -5.3591525e+00
  816   -1.8229448e+01   -5.2250966e+00
  817   -1.8223661e+01   -5.0910408e+00
  818   -1.8217875e+01   -4.9569849e+00
  819   -1.8212088e+01   -4.8229290e+00
  820   -1.8206451e+01   -4.7058488e+00
  821   -1.8200847e+01   -4.5924950e+00
  822   -1.8195244e+01   -4.4791413e+00
  823   -1.8189640e+01   -4.3657875e+00
  824   -1.8184036e+01   -4.2524337e+00
  825   -1.8178432e+01   -4.1390799e+00
  826   -1.8172828e+01   -4.0257261e+00
  827   -1.8167224e+01   -3.9123723e+00
  828   -1.8161620e+01   -3.7990185e+00
  829   -1.8156016e+01   -3.6856647e+00
  830   -1.8152296e+01   -3.5891309e+00
  831   -1.8148961e+01   -3.4960422e+00
  832   -1.8145626e+01   -3.4029534e+00
  833   -1.8142291e+01   -3.3098647e+00
  834   -1.8138956e+01   -3.2167760e+00
  835   -1.8135621e+01   -3.1236872e+00
  836   -1.8132287e+01   -3.0305985e+00
  837   -1.8128952e+01   -2.9375097e+00
  838   -1.8125617e+01   -2.8444210e+00
  839   -1.8122282e+01   -2.7513322e+00
  840   -1.8121620e+01   -2.6738306e+00
  841   -1.8121468e+01   -2.5992980e+00
  842   -1.8121315e+01   -2.5247653e+00
  843   -1.8121163e+01   -2.4502327e+00
  844   -1.8121010e+01   -2.3757000e+00
  845   -1.8120858e+01   -2.3011674e+00
  846   -1.8120705e+01   -2.2266347e+00
  847   -1.8120553e+01   -2.1521021e+00
  848   -1.8120400e+01   -2.0775695e+00
  849   -1.8120248e+01   -2.0030368e+00
  850   -1.8122917e+01   -1.9422895e+00
  851   -1.8126084e+01   -1.8839749e+00
  852   -1.8129251e+01   -1.8256603e+00
  853   -1.8132418e+01   -1.7673457e+00
  854   -1.8135584e+01   -1.7090311e+00
  855   -1.8138751e+01   -1.6507164e+00
  856   -1.8141918e+01   -1.5924018e+00
  857   -1.8145085e+01   -1.5340872e+00
  858   -1.8148252e+01   -1.4757726e+00
  859   -1.8151419e+01   -1.4174580e+00
  860   -1.8157169e+01   -1.3709277e+00
  861   -1.8163341e+01   -1.3263158e+00
  862   -1.8169512e+01   -1.2817038e+00
  863   -1.8175683e+01   -1.2370919e+00
  864   -1.8181854e+01   -1.1924800e+00
  865   -1.8188025e+01   -1.1478681e+00
  866   -1.8194196e+01   -1.1032561e+00
  867   -1.8200367e+01   -1.0586442e+00
  868   -1.8206538e+01   -1.0140323e+00
  869   -1.8212709e+01   -9.6942036e-01
  870   -1.8221024e+01   -9.3462532e-01
  871   -1.8229659e+01   -9.0129718e-01
  872   -1.8238294e+01   -8.6796903e-01
  873   -1.8246930e+01   -8.3464089e-01
  874   -1.8255565e+01   -8.0131275e-01
  875   -1.8264200e+01   -7.6798460e-01
  876   -1.8272835e+01   -7.3465646e-01
  877   -1.8281470e+01   -7.0132831e-01
  878   -1.8290106e+01   -6.6800017e-01
  879   -1.8298741e+01   -6.3467203e-01
  880   -1.8308997e+01   -6.0935229e-01
  881   -1.8319475e+01   -5.8512461e-01
  882   -1.8329952e+01   -5.6089693e-01
  883   -1.8340430e+01   -5.3666925e-01
  884   -1.8350907e+01   -5.1244157e-01
  885   -1.8361385e+01   -4.8821389e-01
  886   -1.8371863e+01   -4.6398621e-01
  887   -1.8382340e+01   -4.3975853e-01
  888   -1.8392818e+01   -4.1553085e-01
  889   -1.8403295e+01   -3.9130317e-01
  890   -1.8414858e+01   -3.7348689e-01
  891   -1.8426554e+01   -3.5646303e-01
  892   -1.8438250e+01   -3.3943917e-01
  893   -1.8449947e+01   -3.2241531e-01
  894   -1.8461643e+01   -3.0539145e-01
  895   -1.8473340e+01   -2.8836759e-01
  896   -1.8485036e+01   -2.7134373e-01
  897   -1.8496733e+01   -2.5431987e-01
  898   -1.8508429e+01   -2.3729601e-01
  899   -1.8520126e+01   -2.2027215e-01
  900   -1.8532393e+01   -2.0828316e-01
  901   -1.8544724e+01   -1.9685361e-01
  902   -1.8557055e+01   -1.8542405e-01
  903   -1.8569386e+01   -1.7399450e-01
  904   -1.8581716e+01   -1.6256494e-01
  905   -1.8594047e+01   -1.5113539e-01
  906   -1.8606378e+01   -1.3970584e-01
  907   -1.8618709e+01   -1.2827628e-01
  908   -1.8631039e+01   -1.1684673e-01
  909   -1.8643370e+01   -1.0541717e-01
  910   -1.8655796e+01   -9.7852962e-02
  911   -1.8668232e+01   -9.0671036e-02
  912   -1.8680668e+01   -8.3489110e-02
  913   -1.8693103e+01   -7.6307184e-02
  914   -1.8705539e+01   -6.9125258e-02
  915   -1.8717974e+01   -6.1943332e-02
  916   -1.8730410e+01   -5.4761406e-02
  917   -1.8742845e+01   -4.7579480e-02
  918   -1.8755281e+01   -4.0397554e-02
  919   -1.8767717e+01   -3.3215629e-02
  920   -1.8779816e+01   -2.8913973e-02
  921   -1.8791887e+01   -2.4862775e-02
  922   -1.8803957e+01   -2.0811577e-02
  923   -1.8816028e+01   -1.6760379e-02
  924   -1.8828098e+01   -1.2709181e-02
  925   -1.8840168e+01   -8.6579834e-03
  926   -1.8852239e+01   -4.6067856e-03
  927   -1.8864309e+01   -5.5558779e-04
  928   -1.8876380e+01    3.4956100e-03
  929   -1.8888450e+01    7.5468078e-03
  930   -1.8899798e+01    9.5420912e-03
  931   -1.8911092e+01    1.1382628e-02
  932   -1.8922386e+01    1.3223166e-02
  933   -1.8933680e+01    1.5063703e-02
  934   -1.8944974e+01    1.6904240e-02
  935   -1.8956268e+01    1.8744777e-02
  936   -1.8967562e+01    2.0585314e-02
  937   -1.8978856e+01    2.2425851e-02
  938   -1.8990150e+01    2.4266388e-02
  939   -1.9001443e+01    2.6106926e-02
  940   -1.9011673e+01    2.6576212e-02
  941   -1.9021836e+01    2.6957971e-02
  942   -1.9031998e+01    2.7339730e-02
  943   -1.9042160e+01    2.7721489e-02
  944   -1.9052322e+01    2.8103249e-02
  945   -1.9062484e+01    2.8485008e-02
  946   -1.9072646e+01    2.8866767e-02
  947   -1.9082809e+01    2.9248527e-02
  948   -1.9092971e+01    2.9630286e-02
  949   -1.9103133e+01    3.0012045e-02
  950   -1.9111934e+01    2.9584233e-02
  951   -1.9120664e+01    2.9113812e-02
  952   -1.9129393e+01    2.8643392e-02
  953   -1.9138123e+01    2.8172971e-02
  954   -1.9146852e+01    2.7702550e-02
  955   -1.9155582e+01    2.7232129e-02
  956   -1.9164311e+01    2.6761708e-02
  957   -1.9173041e+01    2.6291287e-02
  958   -1.9181770e+01    2.5820866e-02
  959   -1.9190499e+01    2.5350446e-02
  960   -1.9197616e+01    2.4521094e-02
  961   -1.9204665e+01    2.3676787e-02
  962   -1.9211715e+01    2.2832479e-02
  963   -1.9218764e+01    2.1988172e-02
  964   -1.9225813e+01    2.1143865e-02
  965   -1.9232863e+01    2.0299558e-02
  966   -1.9239912e+01    1.9455251e-02
  967   -1.9246961e+01    1.8610943e-02
  968   -1.9254011e+01    1.7766636e-02
  969   -1.9261060e+01    1.6922329e-02
  970   -1.9266291e+01    1.6066586e-02
  971   -1.9271466e+01    1.5210489e-02
  972   -1.9276642e+01    1.4354392e-02
  973   -1.9281817e+01    1.3498295e-02
  974   -1.9286992e+01    1.2642198e-02
  975   -1.9292167e+01    1.1786101e-02
  976   -1.9297342e+01    1.0930005e-02
  977   -1.9302517e+01    1.0073908e-02
  978   -1.9307693e+01    9.2178109e-03
  979   -1.9312868e+01    8.3617141e-03
  980   -1.9316069e+01    7.7428801e-03
  981   -1.9319231e+01    7.1288882e-03
  982   -1.9322392e+01    6.5148964e-03
  983   -1.9325553e+01    5.9009045e-03
  984   -1.9328715e+01    5.2869126e-03
  985   -1.9331876e+01    4.6729208e-03
  986   -1.9335037e+01    4.0589289e-03
  987   -1.9338199e+01    3.4449370e-03
  988   -1.9341360e+01    2.8309452e-03
  989   -1.9344521e+01    2.2169533e-03
  990   -1.9345605e+01    1.9917238e-03
  991   -1.9346669e+01    1.7704211e-03
  992   -1.9347732e+01    1.5491185e-03
  993   -1.9348795e+01    1.3278158e-03
  994   -1.9349858e+01    1.1065132e-03
  995   -1.9350921e+01    8.8521056e-04
  996   -1.9351985e+01    6.6390792e-04
  997   -1.9353048e+01    4.4260528e-04
  998   -1.9354111e+01    2.2130264e-04
  999   -1.9355174e+01    0.0000000e+00
