nx     101
nm     2
    0  -1.93551737438e+01   3.04754075203e-07
    1  -1.93445530647e+01   2.21067910728e-03
    2  -1.93129712734e+01   8.34457403084e-03
    3  -1.92612713437e+01   1.68970481512e-02
    4  -1.91908487263e+01   2.53315751947e-02
    5  -1.91036411575e+01   3.00310230222e-02
    6  -1.90021210492e+01   2.62173708148e-02
    7  -1.88892949120e+01   7.83063602799e-03
    8  -1.87687115819e+01  -3.26411313784e-02
    9  -1.86444802231e+01  -1.04388777156e-01
   10  -1.85212952072e+01  -2.18569473278e-01
   11  -1.84044476832e+01  -3.88638165227e-01
   12  -1.82997773944e+01  -6.30672855396e-01
   13  -1.82135110982e+01  -9.63620731902e-01
   14  -1.81518621876e+01  -1.40929377910e+00
   15  -1.81202250254e+01  -1.99185696635e+00
   16  -1.81217487121e+01  -2.73643819249e+00
   17  -1.81550636571e+01  -3.66639463593e+00
   18  -1.82110463070e+01  -4.79879876043e+00
   19  -1.82688540320e+01  -6.13801704480e+00
   20  -1.82921397884e+01  -7.66802700842e+00
   21  -1.82273035788e+01  -9.34540129745e+00
   22  -1.80064094287e+01  -1.10963004472e+01
   23  -1.75570670555e+01  -1.28213181679e+01
   24  -1.68192015586e+01  -1.44102532185e+01
   25  -1.57644429855e+01  -1.57644429844e+01
   26  -1.44102530031e+01  -1.68192013409e+01
   27  -1.28213182327e+01  -1.75570671201e+01
   28  -1.10963010719e+01  -1.80064100553e+01
   29  -9.34540057328e+00  -1.82273028419e+01
   30  -7.66802722728e+00  -1.82921400019e+01
   31  -6.13801673002e+00  -1.82688537122e+01
   32  -4.79879936891e+00  -1.82110469252e+01
   33  -3.66639434012e+00  -1.81550633565e+01
   34  -2.73643798400e+00  -1.81217484991e+01
   35  -1.99185723617e+00  -1.81202253025e+01
   36  -1.40929378414e+00  -1.81518621962e+01
   37  -9.63620700219e-01  -1.82135110655e+01
   38  -6.30672988406e-01  -1.82997775236e+01
   39  -3.88637686687e-01  -1.84044471903e+01
   40  -2.18570071898e-01  -1.85212958121e+01
   41  -1.04388097533e-01  -1.86444795319e+01
   42  -3.26416478528e-02  -1.87687121137e+01
   43   7.83079260964e-03  -1.88892947628e+01
   44   2.62173277883e-02  -1.90021211010e+01
   45   3.00308126976e-02  -1.91036413743e+01
   46   2.53316910812e-02  -1.91908485999e+01
   47   1.68972859796e-02  -1.92612710872e+01
   48   8.34464546387e-03  -1.93129711927e+01
   49   2.21062493404e-03  -1.93445531249e+01
   50  -1.11640300270e-07  -1.93551741771e+01
   51   2.21090717008e-03  -1.93445528349e+01
   52   8.34470009861e-03  -1.93129711422e+01
   53   1.68969414411e-02  -1.92612714509e+01
   54   2.53315361874e-02  -1.91908487641e+01
   55   3.00311685171e-02  -1.91036410066e+01
   56   2.62173807597e-02  -1.90021210399e+01
   57   7.83045291797e-03  -1.88892951024e+01
   58  -3.26410521083e-02  -1.87687115036e+01
   59  -1.04388574597e-01  -1.86444800204e+01
   60  -2.18569820201e-01  -1.85212955657e+01
   61  -3.88638118235e-01  -1.84044476364e+01
   62  -6.30672592399e-01  -1.82997771233e+01
   63  -9.63620764808e-01  -1.82135111317e+01
   64  -1.40929395593e+00  -1.81518623715e+01
   65  -1.99185696949e+00  -1.81202250311e+01
   66  -2.73643806305e+00  -1.81217485805e+01
   67  -3.66639461153e+00  -1.81550636330e+01
   68  -4.79879889841e+00  -1.82110464487e+01
   69  -6.13801713384e+00  -1.82688541213e+01
   70  -7.66802685421e+00  -1.82921396279e+01
   71  -9.34540106713e+00  -1.82273033424e+01
   72  -1.10963005345e+01  -1.80064095168e+01
   73  -1.28213185240e+01  -1.75570674156e+01
   74  -1.44102532144e+01  -1.68192015558e+01
   75  -1.57644425955e+01  -1.57644425967e+01
   76  -1.68192015122e+01  -1.44102531737e+01
   77  -1.75570673559e+01  -1.28213184675e+01
   78  -1.80064094773e+01  -1.10963004973e+01
   79  -1.82273033465e+01  -9.34540107131e+00
   80  -1.82921396718e+01  -7.66802689554e+00
   81  -1.82688541767e+01  -6.13801718559e+00
   82  -1.82110464809e+01  -4.79879892850e+00
   83  -1.81550636223e+01  -3.66639460204e+00
   84  -1.81217485346e+01  -2.73643802127e+00
   85  -1.81202249826e+01  -1.99185692576e+00
   86  -1.81518623601e+01  -1.40929394699e+00
   87  -1.82135111728e+01  -9.63620805227e-01
   88  -1.82997771820e+01  -6.30672649885e-01
   89  -1.84044476453e+01  -3.88638128949e-01
   90  -1.85212955002e+01  -2.18569760153e-01
   91  -1.86444799551e+01  -1.04388514130e-01
   92  -1.87687115262e+01  -3.26410745064e-02
   93  -1.88892951674e+01   7.83039169707e-03
   94  -1.90021210659e+01   2.62173577826e-02
   95  -1.91036410424e+01   3.00311330651e-02
   96  -1.91908486667e+01   2.53316287783e-02
   97  -1.92612713895e+01   1.68969996875e-02
   98  -1.93129712529e+01   8.34459212214e-03
   99  -1.93445529297e+01   2.21081337614e-03
  100  -1.93551740585e+01   0.00000000000e+00
