nx     1000
nm     2
    0  -1.93566103591e+01  -1.94181754225e-07
    1  -1.93564900603e+01   3.59766260972e-05
    2  -1.93561819077e+01   9.17328629015e-05
    3  -1.93556398975e+01   2.13004775143e-04
    4  -1.93548942826e+01   3.69436564675e-04
    5  -1.93539374249e+01   5.68513232933e-04
    6  -1.93527609380e+01   8.18423165934e-04
    7  -1.93513734519e+01   1.11029957436e-03
    8  -1.93497828566e+01   1.43597023467e-03
    9  -1.93479613000e+01   1.82295558511e-03
   10  -1.93459529879e+01   2.22668657271e-03
   11  -1.93437081771e+01   2.69648240581e-03
   12  -1.93412775518e+01   3.18120773272e-03
   13  -1.93386177561e+01   3.72370638434e-03
   14  -1.93357585756e+01   4.29364854434e-03
   15  -1.93326933822e+01   4.89706680028e-03
   16  -1.93294147272e+01   5.54076714442e-03
   17  -1.93259309854e+01   6.21569065314e-03
   18  -1.93222498235e+01   6.91343903830e-03
   19  -1.93183474128e+01   7.65705778078e-03
   20  -1.93142635731e+01   8.40590773196e-03
   21  -1.93099545720e+01   9.20283999541e-03
   22  -1.93054659196e+01   1.00014304869e-02
   23  -1.93007596459e+01   1.08386726862e-02
   24  -1.92958631703e+01   1.16861332866e-02
   25  -1.92907713974e+01   1.25478389046e-02
   26  -1.92854782473e+01   1.34287493139e-02
   27  -1.92799913005e+01   1.43201169251e-02
   28  -1.92743176209e+01   1.52136592151e-02
   29  -1.92684391034e+01   1.61262064961e-02
   30  -1.92623885714e+01   1.70236172994e-02
   31  -1.92561313283e+01   1.79392048319e-02
   32  -1.92497047495e+01   1.88341690017e-02
   33  -1.92430788035e+01   1.97370503942e-02
   34  -1.92362768967e+01   2.06229060633e-02
   35  -1.92292958664e+01   2.14933016144e-02
   36  -1.92221314942e+01   2.23507995015e-02
   37  -1.92147899535e+01   2.31875159098e-02
   38  -1.92072774402e+01   2.39954852838e-02
   39  -1.91995829406e+01   2.47838894198e-02
   40  -1.91917299985e+01   2.55272979215e-02
   41  -1.91836955116e+01   2.62468564334e-02
   42  -1.91755060902e+01   2.69139439066e-02
   43  -1.91671420075e+01   2.75462049286e-02
   44  -1.91586210489e+01   2.81237142326e-02
   45  -1.91499424419e+01   2.86450350719e-02
   46  -1.91411043134e+01   2.91097629198e-02
   47  -1.91321108240e+01   2.95113931613e-02
   48  -1.91229671589e+01   2.98423275610e-02
   49  -1.91136707428e+01   3.01026562689e-02
   50  -1.91042335760e+01   3.02778243537e-02
   51  -1.90946468723e+01   3.03739856566e-02
   52  -1.90849235600e+01   3.03755087323e-02
   53  -1.90750569034e+01   3.02863467950e-02
   54  -1.90650571160e+01   3.00934292544e-02
   55  -1.90549265755e+01   2.97914409114e-02
   56  -1.90446659310e+01   2.93767129212e-02
   57  -1.90342769392e+01   2.88443870872e-02
   58  -1.90237634271e+01   2.81874519742e-02
   59  -1.90131327933e+01   2.73952396494e-02
   60  -1.90023830966e+01   2.64663324291e-02
   61  -1.89915226248e+01   2.53889961286e-02
   62  -1.89805479137e+01   2.41631550687e-02
   63  -1.89694676214e+01   2.27765212325e-02
   64  -1.89582828148e+01   2.12243018326e-02
   65  -1.89469994320e+01   1.94967367176e-02
   66  -1.89356212366e+01   1.75861404984e-02
   67  -1.89241467893e+01   1.54899284421e-02
   68  -1.89125785080e+01   1.32015577723e-02
   69  -1.89009351343e+01   1.06980598471e-02
   70  -1.88891984645e+01   7.99329691788e-03
   71  -1.88773966068e+01   5.05471725974e-03
   72  -1.88655068139e+01   1.90050371591e-03
   73  -1.88535558463e+01  -1.50077339039e-03
   74  -1.88415337602e+01  -5.14396297599e-03
   75  -1.88294508095e+01  -9.04422734843e-03
   76  -1.88173142618e+01  -1.32138654787e-02
   77  -1.88051187819e+01  -1.76527012751e-02
   78  -1.87928654217e+01  -2.23670693496e-02
   79  -1.87805856522e+01  -2.73938483600e-02
   80  -1.87682426891e+01  -3.27018065553e-02
   81  -1.87558872583e+01  -3.83473439238e-02
   82  -1.87434744440e+01  -4.42913728334e-02
   83  -1.87310517730e+01  -5.05873734263e-02
   84  -1.87185964510e+01  -5.72186607384e-02
   85  -1.87061237061e+01  -6.42067139195e-02
   86  -1.86936447509e+01  -7.15691478496e-02
   87  -1.86811496600e+01  -7.93025983422e-02
   88  -1.86686378992e+01  -8.74132450628e-02
   89  -1.86561555442e+01  -9.59540300896e-02
   90  -1.86436442328e+01  -1.04873640078e-01
   91  -1.86311808832e+01  -1.14256187168e-01
   92  -1.86186947660e+01  -1.24038330809e-01
   93  -1.86062575962e+01  -1.34299324503e-01
   94  -1.85938313897e+01  -1.45008918953e-01
   95  -1.85814372574e+01  -1.56196131853e-01
   96  -1.85690909228e+01  -1.67884779444e-01
   97  -1.85567767735e+01  -1.80067538491e-01
   98  -1.85444929871e+01  -1.92751062447e-01
   99  -1.85323015395e+01  -2.06005989386e-01
  100  -1.85201199628e+01  -2.19758739369e-01
  101  -1.85080543942e+01  -2.34124511585e-01
  102  -1.84960049932e+01  -2.49012769331e-01
  103  -1.84840707567e+01  -2.64531992169e-01
  104  -1.84721962202e+01  -2.80636440452e-01
  105  -1.84604091620e+01  -2.97363824817e-01
  106  -1.84487304089e+01  -3.14745129706e-01
  107  -1.84371375118e+01  -3.32768303109e-01
  108  -1.84256274646e+01  -3.51440960923e-01
  109  -1.84142797526e+01  -3.70853434885e-01
  110  -1.84029846615e+01  -3.90907131212e-01
  111  -1.83918812703e+01  -4.11752455217e-01
  112  -1.83808364566e+01  -4.33267904407e-01
  113  -1.83699803366e+01  -4.55595425349e-01
  114  -1.83592369028e+01  -4.78671132970e-01
  115  -1.83486418168e+01  -5.02543056379e-01
  116  -1.83382210817e+01  -5.27249833739e-01
  117  -1.83279445039e+01  -5.52774190193e-01
  118  -1.83178076690e+01  -5.79124895490e-01
  119  -1.83079088624e+01  -6.06413681955e-01
  120  -1.82981081930e+01  -6.34514428441e-01
  121  -1.82885806013e+01  -6.63616083124e-01
  122  -1.82791561775e+01  -6.93563088108e-01
  123  -1.82699989427e+01  -7.24534056785e-01
  124  -1.82610097537e+01  -7.56444778579e-01
  125  -1.82522324590e+01  -7.89354313974e-01
  126  -1.82436987971e+01  -8.23309919100e-01
  127  -1.82353691722e+01  -8.58287839904e-01
  128  -1.82272379535e+01  -8.94298587015e-01
  129  -1.82194221897e+01  -9.31475645588e-01
  130  -1.82117497275e+01  -9.69663663662e-01
  131  -1.82044331178e+01  -1.00909225322e+00
  132  -1.81972625887e+01  -1.04956908984e+00
  133  -1.81904381138e+01  -1.09131185303e+00
  134  -1.81838344078e+01  -1.13421334041e+00
  135  -1.81775038057e+01  -1.17834426934e+00
  136  -1.81714832202e+01  -1.22376026378e+00
  137  -1.81657225993e+01  -1.27043033102e+00
  138  -1.81602144505e+01  -1.31836635332e+00
  139  -1.81550931501e+01  -1.36772239007e+00
  140  -1.81501533982e+01  -1.41831320826e+00
  141  -1.81456444735e+01  -1.47040841331e+00
  142  -1.81413156511e+01  -1.52377800808e+00
  143  -1.81374021027e+01  -1.57867814352e+00
  144  -1.81337503547e+01  -1.63497670779e+00
  145  -1.81304200095e+01  -1.69275495397e+00
  146  -1.81274522535e+01  -1.75207603649e+00
  147  -1.81247854141e+01  -1.81290058658e+00
  148  -1.81224092762e+01  -1.87524098588e+00
  149  -1.81204708219e+01  -1.93926709462e+00
  150  -1.81187338428e+01  -2.00476593890e+00
  151  -1.81174785982e+01  -2.07204122817e+00
  152  -1.81164160234e+01  -2.14082771214e+00
  153  -1.81158109392e+01  -2.21141421982e+00
  154  -1.81154811965e+01  -2.28364294157e+00
  155  -1.81154906810e+01  -2.35760232284e+00
  156  -1.81158822851e+01  -2.43336006059e+00
  157  -1.81165826657e+01  -2.51086787248e+00
  158  -1.81175767469e+01  -2.59013594743e+00
  159  -1.81190151988e+01  -2.67134040358e+00
  160  -1.81206378217e+01  -2.75424673990e+00
  161  -1.81227427125e+01  -2.83917884815e+00
  162  -1.81250111739e+01  -2.92584406619e+00
  163  -1.81277248200e+01  -3.01455009820e+00
  164  -1.81306755714e+01  -3.10511514178e+00
  165  -1.81339256649e+01  -3.19762777003e+00
  166  -1.81375155523e+01  -3.29215484490e+00
  167  -1.81413613144e+01  -3.38863893219e+00
  168  -1.81454400977e+01  -3.48708367465e+00
  169  -1.81498910400e+01  -3.58765468440e+00
  170  -1.81544444440e+01  -3.69010876529e+00
  171  -1.81593923220e+01  -3.79476429744e+00
  172  -1.81644047353e+01  -3.90131769992e+00
  173  -1.81697565194e+01  -4.01006996500e+00
  174  -1.81752220815e+01  -4.12082156694e+00
  175  -1.81808524970e+01  -4.23364941906e+00
  176  -1.81866793578e+01  -4.34861072007e+00
  177  -1.81926121599e+01  -4.46564032705e+00
  178  -1.81986157862e+01  -4.58472816489e+00
  179  -1.82047967426e+01  -4.70600541460e+00
  180  -1.82108995101e+01  -4.82924088409e+00
  181  -1.82171740200e+01  -4.95470832978e+00
  182  -1.82233095784e+01  -5.08212046468e+00
  183  -1.82295384390e+01  -5.21173235254e+00
  184  -1.82356342378e+01  -5.34333991334e+00
  185  -1.82416237949e+01  -5.47699158617e+00
  186  -1.82475215754e+01  -5.61272276531e+00
  187  -1.82532383537e+01  -5.75046443351e+00
  188  -1.82587216488e+01  -5.89018351902e+00
  189  -1.82640200365e+01  -6.03194714633e+00
  190  -1.82689257044e+01  -6.17556517243e+00
  191  -1.82735999191e+01  -6.32121552566e+00
  192  -1.82777949377e+01  -6.46866614514e+00
  193  -1.82816539582e+01  -6.61807478696e+00
  194  -1.82849773407e+01  -6.76925526407e+00
  195  -1.82877526157e+01  -6.92220733177e+00
  196  -1.82899689651e+01  -7.07693112415e+00
  197  -1.82915508469e+01  -7.23336073363e+00
  198  -1.82924251202e+01  -7.39143126567e+00
  199  -1.82925578180e+01  -7.55111554387e+00
  200  -1.82918303779e+01  -7.71230028809e+00
  201  -1.82902647473e+01  -7.87501113698e+00
  202  -1.82877301599e+01  -8.03911939525e+00
  203  -1.82842307034e+01  -8.20462951653e+00
  204  -1.82796319225e+01  -8.37140567241e+00
  205  -1.82738696991e+01  -8.53938055064e+00
  206  -1.82669021864e+01  -8.70850723546e+00
  207  -1.82586853304e+01  -8.87873468371e+00
  208  -1.82491262670e+01  -9.04996107785e+00
  209  -1.82380944912e+01  -9.22204493750e+00
  210  -1.82256023010e+01  -9.39498549660e+00
  211  -1.82114922811e+01  -9.56861016937e+00
  212  -1.81958046743e+01  -9.74294185359e+00
  213  -1.81783652855e+01  -9.91778682921e+00
  214  -1.81591497734e+01  -1.00930989852e+01
  215  -1.81380386398e+01  -1.02687347907e+01
  216  -1.81149598814e+01  -1.04445959060e+01
  217  -1.80899213795e+01  -1.06206615500e+01
  218  -1.80628197586e+01  -1.07967973605e+01
  219  -1.80334344382e+01  -1.09727494214e+01
  220  -1.80019385184e+01  -1.11486551016e+01
  221  -1.79679835296e+01  -1.13241278601e+01
  222  -1.79318188423e+01  -1.14993765883e+01
  223  -1.78930812935e+01  -1.16739953164e+01
  224  -1.78518975274e+01  -1.18480654963e+01
  225  -1.78081026279e+01  -1.20213746936e+01
  226  -1.77616049265e+01  -1.21937813951e+01
  227  -1.77124817242e+01  -1.23653107532e+01
  228  -1.76606375115e+01  -1.25358128665e+01
  229  -1.76057944643e+01  -1.27049533055e+01
  230  -1.75482899818e+01  -1.28730106568e+01
  231  -1.74876168134e+01  -1.30394167690e+01
  232  -1.74242351244e+01  -1.32045687988e+01
  233  -1.73576260661e+01  -1.33678829241e+01
  234  -1.72880857731e+01  -1.35295883374e+01
  235  -1.72154296685e+01  -1.36894316735e+01
  236  -1.71395644722e+01  -1.38472490766e+01
  237  -1.70606437013e+01  -1.40031217790e+01
  238  -1.69786030683e+01  -1.41569116108e+01
  239  -1.68931609392e+01  -1.43082615460e+01
  240  -1.68047869504e+01  -1.44575643950e+01
  241  -1.67128904638e+01  -1.46041514078e+01
  242  -1.66180965788e+01  -1.47485683455e+01
  243  -1.65198063860e+01  -1.48901358943e+01
  244  -1.64184673410e+01  -1.50292201127e+01
  245  -1.63139091826e+01  -1.51655684980e+01
  246  -1.62060576336e+01  -1.52990237956e+01
  247  -1.60951311950e+01  -1.54297209163e+01
  248  -1.59811156651e+01  -1.55575615881e+01
  249  -1.58637826427e+01  -1.56822329837e+01
  250  -1.57436675178e+01  -1.58041858378e+01
  251  -1.56201962010e+01  -1.59227613101e+01
  252  -1.54940682821e+01  -1.60385742723e+01
  253  -1.53647040636e+01  -1.61509604678e+01
  254  -1.52326425506e+01  -1.62603746395e+01
  255  -1.50977582650e+01  -1.63666074629e+01
  256  -1.49600111508e+01  -1.64695355812e+01
  257  -1.48196537935e+01  -1.65693289560e+01
  258  -1.46767281759e+01  -1.66659477375e+01
  259  -1.45310970833e+01  -1.67591737898e+01
  260  -1.43832785907e+01  -1.68494453120e+01
  261  -1.42328060721e+01  -1.69362169273e+01
  262  -1.40803434250e+01  -1.70200750635e+01
  263  -1.39254206480e+01  -1.71004735856e+01
  264  -1.37685812444e+01  -1.71778813558e+01
  265  -1.36097611451e+01  -1.72521612083e+01
  266  -1.34489579029e+01  -1.73232392515e+01
  267  -1.32864170252e+01  -1.73912913027e+01
  268  -1.31222258053e+01  -1.74563367831e+01
  269  -1.29563457946e+01  -1.75182712689e+01
  270  -1.27892025878e+01  -1.75774563696e+01
  271  -1.26204913994e+01  -1.76335253206e+01
  272  -1.24507440699e+01  -1.76869501160e+01
  273  -1.22796547591e+01  -1.77373671847e+01
  274  -1.21076846347e+01  -1.77851822014e+01
  275  -1.19348296115e+01  -1.78303378042e+01
  276  -1.17611169947e+01  -1.78728102943e+01
  277  -1.15867463503e+01  -1.79127505549e+01
  278  -1.14118288274e+01  -1.79502233801e+01
  279  -1.12364038672e+01  -1.79852242030e+01
  280  -1.10607599739e+01  -1.80179998959e+01
  281  -1.08847616279e+01  -1.80483756493e+01
  282  -1.07087544402e+01  -1.80766601872e+01
  283  -1.05326053160e+01  -1.81026858697e+01
  284  -1.03566345872e+01  -1.81267408781e+01
  285  -1.01808834684e+01  -1.81488366034e+01
  286  -1.00053949923e+01  -1.81689885789e+01
  287  -9.83029890866e+00  -1.81873013736e+01
  288  -9.65570700139e+00  -1.82038638755e+01
  289  -9.48170209487e+00  -1.82187382634e+01
  290  -9.30842777732e+00  -1.82320497000e+01
  291  -9.13588853776e+00  -1.82437864155e+01
  292  -8.96423854234e+00  -1.82540884693e+01
  293  -8.79348946153e+00  -1.82629555130e+01
  294  -8.62380273279e+00  -1.82705390296e+01
  295  -8.45524567028e+00  -1.82768983684e+01
  296  -8.28786344739e+00  -1.82820726794e+01
  297  -8.12171115780e+00  -1.82861129306e+01
  298  -7.95688499397e+00  -1.82891130383e+01
  299  -7.79347810678e+00  -1.82911656602e+01
  300  -7.63151157935e+00  -1.82922931013e+01
  301  -7.47108315108e+00  -1.82925959939e+01
  302  -7.31218849644e+00  -1.82920745020e+01
  303  -7.15493804965e+00  -1.82908451078e+01
  304  -6.99935225720e+00  -1.82889357819e+01
  305  -6.84550728467e+00  -1.82864316391e+01
  306  -6.69344151943e+00  -1.82833813684e+01
  307  -6.54314583746e+00  -1.82797874399e+01
  308  -6.39469368283e+00  -1.82757361426e+01
  309  -6.24816598008e+00  -1.82713224215e+01
  310  -6.10349818927e+00  -1.82664968531e+01
  311  -5.96083505896e+00  -1.82614203781e+01
  312  -5.82006398257e+00  -1.82559975492e+01
  313  -5.68134771466e+00  -1.82504092490e+01
  314  -5.54460350327e+00  -1.82445917043e+01
  315  -5.40990509521e+00  -1.82386384799e+01
  316  -5.27728024429e+00  -1.82325979076e+01
  317  -5.14667449848e+00  -1.82264368129e+01
  318  -5.01813901497e+00  -1.82202283087e+01
  319  -4.89173220490e+00  -1.82140533696e+01
  320  -4.76734183045e+00  -1.82078228566e+01
  321  -4.64512403578e+00  -1.82017165539e+01
  322  -4.52490780965e+00  -1.81955875136e+01
  323  -4.40687128647e+00  -1.81896383926e+01
  324  -4.29087035410e+00  -1.81837499321e+01
  325  -4.17697011910e+00  -1.81780124482e+01
  326  -4.06518774424e+00  -1.81724685956e+01
  327  -3.95544278264e+00  -1.81670636512e+01
  328  -3.84776864997e+00  -1.81618569849e+01
  329  -3.74219977957e+00  -1.81569091575e+01
  330  -3.63860693882e+00  -1.81521171806e+01
  331  -3.53713518003e+00  -1.81476524933e+01
  332  -3.43759465110e+00  -1.81433516618e+01
  333  -3.34015471723e+00  -1.81394105604e+01
  334  -3.24464550584e+00  -1.81356857936e+01
  335  -3.15112136796e+00  -1.81322582092e+01
  336  -3.05959076001e+00  -1.81291627176e+01
  337  -2.96996346009e+00  -1.81263354701e+01
  338  -2.88226032662e+00  -1.81238236314e+01
  339  -2.79649554519e+00  -1.81216675837e+01
  340  -2.71254317718e+00  -1.81197674368e+01
  341  -2.63052607025e+00  -1.81182719749e+01
  342  -2.55026145527e+00  -1.81170241586e+01
  343  -2.47189703174e+00  -1.81161972794e+01
  344  -2.39526220165e+00  -1.81156460865e+01
  345  -2.32040059857e+00  -1.81154393806e+01
  346  -2.24731439930e+00  -1.81156042760e+01
  347  -2.17591474628e+00  -1.81160765962e+01
  348  -2.10621448618e+00  -1.81168936359e+01
  349  -2.03821293724e+00  -1.81180788980e+01
  350  -1.97179864934e+00  -1.81195448300e+01
  351  -1.90706917276e+00  -1.81214126326e+01
  352  -1.84386280972e+00  -1.81235439342e+01
  353  -1.78230106198e+00  -1.81260833087e+01
  354  -1.72222736966e+00  -1.81288969243e+01
  355  -1.66367589933e+00  -1.81320414009e+01
  356  -1.60664453657e+00  -1.81355367633e+01
  357  -1.55105243914e+00  -1.81393239770e+01
  358  -1.49690736848e+00  -1.81434323076e+01
  359  -1.44419904231e+00  -1.81478726514e+01
  360  -1.39283488489e+00  -1.81525732742e+01
  361  -1.34288831469e+00  -1.81576281361e+01
  362  -1.29422439162e+00  -1.81629224801e+01
  363  -1.24693845609e+00  -1.81685715340e+01
  364  -1.20089530283e+00  -1.81744596132e+01
  365  -1.15612088225e+00  -1.81806318870e+01
  366  -1.11261064410e+00  -1.81871026927e+01
  367  -1.07029475189e+00  -1.81938207388e+01
  368  -1.02917781766e+00  -1.82008088678e+01
  369  -9.89244115087e-01  -1.82080692537e+01
  370  -9.50420212924e-01  -1.82155460321e+01
  371  -9.12758716502e-01  -1.82233090734e+01
  372  -8.76151669248e-01  -1.82312673410e+01
  373  -8.40670917701e-01  -1.82395093098e+01
  374  -8.06204533729e-01  -1.82479393336e+01
  375  -7.72771594461e-01  -1.82565924823e+01
  376  -7.40366227279e-01  -1.82654785645e+01
  377  -7.08930402793e-01  -1.82745549138e+01
  378  -6.78466540049e-01  -1.82838390198e+01
  379  -6.48956522228e-01  -1.82933275323e+01
  380  -6.20344161624e-01  -1.83029787281e+01
  381  -5.92665200370e-01  -1.83128425369e+01
  382  -5.65836172745e-01  -1.83228493733e+01
  383  -5.39909010679e-01  -1.83330647844e+01
  384  -5.14794192009e-01  -1.83434125582e+01
  385  -4.90504968808e-01  -1.83539189988e+01
  386  -4.67035056812e-01  -1.83645905996e+01
  387  -4.44337495176e-01  -1.83753928996e+01
  388  -4.22413127243e-01  -1.83863389856e+01
  389  -4.01243280864e-01  -1.83974221644e+01
  390  -3.80786345424e-01  -1.84086125449e+01
  391  -3.61064773710e-01  -1.84199440584e+01
  392  -3.42016006076e-01  -1.84313653625e+01
  393  -3.23675750770e-01  -1.84429231534e+01
  394  -3.05974298773e-01  -1.84545584523e+01
  395  -2.88920305460e-01  -1.84662904245e+01
  396  -2.72507248510e-01  -1.84781228255e+01
  397  -2.56698505348e-01  -1.84900290766e+01
  398  -2.41493136634e-01  -1.85020180660e+01
  399  -2.26873598597e-01  -1.85140818552e+01
  400  -2.12809680196e-01  -1.85261996225e+01
  401  -1.99314037394e-01  -1.85383932103e+01
  402  -1.86341105522e-01  -1.85506260244e+01
  403  -1.73913660417e-01  -1.85629296186e+01
  404  -1.61979032068e-01  -1.85752598890e+01
  405  -1.50541862927e-01  -1.85876298605e+01
  406  -1.39595841318e-01  -1.86000414125e+01
  407  -1.29113022116e-01  -1.86124745987e+01
  408  -1.19090898683e-01  -1.86249347322e+01
  409  -1.09513597516e-01  -1.86374135771e+01
  410  -1.00359875848e-01  -1.86498973516e+01
  411  -9.16349759217e-02  -1.86623985917e+01
  412  -8.33070697860e-02  -1.86748925879e+01
  413  -7.53886784675e-02  -1.86873988208e+01
  414  -6.78415052748e-02  -1.86998857819e+01
  415  -6.06668002726e-02  -1.87123613590e+01
  416  -5.38587051324e-02  -1.87248261755e+01
  417  -4.73967912101e-02  -1.87372661290e+01
  418  -4.12768904525e-02  -1.87496832310e+01
  419  -3.54854103486e-02  -1.87620699206e+01
  420  -3.00077248637e-02  -1.87744174611e+01
  421  -2.48439521233e-02  -1.87867317226e+01
  422  -1.99727807003e-02  -1.87989970052e+01
  423  -1.53989260801e-02  -1.88112235053e+01
  424  -1.10957619743e-02  -1.88233899404e+01
  425  -7.06168430868e-03  -1.88354999271e+01
  426  -3.29128505733e-03  -1.88475531525e+01
  427   2.29604472790e-04  -1.88595404173e+01
  428   3.50684761448e-03  -1.88714607083e+01
  429   6.55137450792e-03  -1.88833078263e+01
  430   9.37321283221e-03  -1.88950763597e+01
  431   1.19754522379e-02  -1.89067677232e+01
  432   1.43714093567e-02  -1.89183729920e+01
  433   1.65621729500e-02  -1.89298953618e+01
  434   1.85647583787e-02  -1.89413219927e+01
  435   2.03830870637e-02  -1.89526530375e+01
  436   2.20220022942e-02  -1.89638876256e+01
  437   2.34903527003e-02  -1.89750207802e+01
  438   2.47956744768e-02  -1.89860487385e+01
  439   2.59460785679e-02  -1.89969670673e+01
  440   2.69484714257e-02  -1.90077724446e+01
  441   2.78078994107e-02  -1.90184633169e+01
  442   2.85317763543e-02  -1.90290356728e+01
  443   2.91254200001e-02  -1.90394875084e+01
  444   2.95981641474e-02  -1.90498127164e+01
  445   2.99558620739e-02  -1.90600085863e+01
  446   3.02027117162e-02  -1.90700739807e+01
  447   3.03431641636e-02  -1.90800074269e+01
  448   3.03861895354e-02  -1.90898028522e+01
  449   3.03370559331e-02  -1.90994578078e+01
  450   3.02005114004e-02  -1.91089702887e+01
  451   2.99825117738e-02  -1.91183370065e+01
  452   2.96860011973e-02  -1.91275576107e+01
  453   2.93192642658e-02  -1.91366263361e+01
  454   2.88853893149e-02  -1.91455425436e+01
  455   2.83916560666e-02  -1.91543013316e+01
  456   2.78417083901e-02  -1.91629013671e+01
  457   2.72362208590e-02  -1.91713442185e+01
  458   2.65856263388e-02  -1.91796216276e+01
  459   2.58921260329e-02  -1.91877335038e+01
  460   2.51595501400e-02  -1.91956780635e+01
  461   2.43936008170e-02  -1.92034515877e+01
  462   2.35944284598e-02  -1.92110558477e+01
  463   2.27718680654e-02  -1.92184828675e+01
  464   2.19242135549e-02  -1.92257361538e+01
  465   2.10597281939e-02  -1.92328091835e+01
  466   2.01812822345e-02  -1.92397007691e+01
  467   1.92866130635e-02  -1.92464147998e+01
  468   1.83869994045e-02  -1.92529415637e+01
  469   1.74818765330e-02  -1.92592831390e+01
  470   1.65744758043e-02  -1.92654377523e+01
  471   1.56697470501e-02  -1.92714018575e+01
  472   1.47659123435e-02  -1.92771785835e+01
  473   1.38734845546e-02  -1.92827587135e+01
  474   1.29869573623e-02  -1.92881490008e+01
  475   1.21152553490e-02  -1.92933417134e+01
  476   1.12604171316e-02  -1.92983359563e+01
  477   1.04178228203e-02  -1.93031374437e+01
  478   9.59929173098e-03  -1.93077353977e+01
  479   8.80160830016e-03  -1.93121340286e+01
  480   8.02790078765e-03  -1.93163311538e+01
  481   7.28179097488e-03  -1.93203240487e+01
  482   6.56040394286e-03  -1.93241164385e+01
  483   5.87406917042e-03  -1.93276987949e+01
  484   5.21448666407e-03  -1.93310801752e+01
  485   4.59067963562e-03  -1.93342522640e+01
  486   4.00390331459e-03  -1.93372144695e+01
  487   3.44765026077e-03  -1.93399739181e+01
  488   2.93384412953e-03  -1.93425192563e+01
  489   2.45675913560e-03  -1.93448567377e+01
  490   2.01971693549e-03  -1.93469835226e+01
  491   1.62454916644e-03  -1.93488982168e+01
  492   1.26795934885e-03  -1.93506045104e+01
  493   9.59272142339e-04  -1.93520934263e+01
  494   6.88275448449e-04  -1.93533754836e+01
  495   4.63619341200e-04  -1.93544422916e+01
  496   2.85755747885e-04  -1.93552936157e+01
  497   1.46801895459e-04  -1.93559375143e+01
  498   5.82147620416e-05  -1.93563626582e+01
  499   1.21814230578e-05  -1.93565769487e+01
  500   1.21445882165e-05  -1.93565769858e+01
  501   5.81056951749e-05  -1.93563627682e+01
  502   1.46626225202e-04  -1.93559376914e+01
  503   2.85531270130e-04  -1.93552938421e+01
  504   4.63380823073e-04  -1.93544425322e+01
  505   6.88015665374e-04  -1.93533757456e+01
  506   9.59052679979e-04  -1.93520936480e+01
  507   1.26776066273e-03  -1.93506047111e+01
  508   1.62442674219e-03  -1.93488983408e+01
  509   2.01965209464e-03  -1.93469835885e+01
  510   2.45677187139e-03  -1.93448567255e+01
  511   2.93393461500e-03  -1.93425191659e+01
  512   3.44780676867e-03  -1.93399737613e+01
  513   4.00410910438e-03  -1.93372142631e+01
  514   4.59091651572e-03  -1.93342520263e+01
  515   5.21473373531e-03  -1.93310799273e+01
  516   5.87430484807e-03  -1.93276985585e+01
  517   6.56060712444e-03  -1.93241162350e+01
  518   7.28194377667e-03  -1.93203238960e+01
  519   8.02799000676e-03  -1.93163310652e+01
  520   8.80162618303e-03  -1.93121340120e+01
  521   9.59923625830e-03  -1.93077354550e+01
  522   1.04176976319e-02  -1.93031375713e+01
  523   1.12602315613e-02  -1.92983361448e+01
  524   1.21150252057e-02  -1.92933419468e+01
  525   1.29867025773e-02  -1.92881492590e+01
  526   1.38732216865e-02  -1.92827589799e+01
  527   1.47656474774e-02  -1.92771788517e+01
  528   1.56695316179e-02  -1.92714020759e+01
  529   1.65742858871e-02  -1.92654379447e+01
  530   1.74817535538e-02  -1.92592832639e+01
  531   1.83869485603e-02  -1.92529416158e+01
  532   1.92866282480e-02  -1.92464147851e+01
  533   2.01813746580e-02  -1.92397006764e+01
  534   2.10598808009e-02  -1.92328090300e+01
  535   2.19244094935e-02  -1.92257359565e+01
  536   2.27721183989e-02  -1.92184826153e+01
  537   2.35946708961e-02  -1.92110556031e+01
  538   2.43938453197e-02  -1.92034513410e+01
  539   2.51597609256e-02  -1.91956778506e+01
  540   2.58922815251e-02  -1.91877333465e+01
  541   2.65857149794e-02  -1.91796215374e+01
  542   2.72362346000e-02  -1.91713442036e+01
  543   2.78416440344e-02  -1.91629014306e+01
  544   2.83915219628e-02  -1.91543014653e+01
  545   2.88852146798e-02  -1.91455427180e+01
  546   2.93190468792e-02  -1.91366265535e+01
  547   2.96858236744e-02  -1.91275577881e+01
  548   2.99823299651e-02  -1.91183371882e+01
  549   3.02004238942e-02  -1.91089703758e+01
  550   3.03370114210e-02  -1.90994578516e+01
  551   3.03862636044e-02  -1.90898027771e+01
  552   3.03432945750e-02  -1.90800072952e+01
  553   3.02029325139e-02  -1.90700737584e+01
  554   2.99561053522e-02  -1.90600083415e+01
  555   2.95984282689e-02  -1.90498124509e+01
  556   2.91256319232e-02  -1.90394872954e+01
  557   2.85319177453e-02  -1.90290355308e+01
  558   2.78079602723e-02  -1.90184632560e+01
  559   2.69484023550e-02  -1.90077725141e+01
  560   2.59459158373e-02  -1.89969672310e+01
  561   2.47953929063e-02  -1.89860490215e+01
  562   2.34900227191e-02  -1.89750211118e+01
  563   2.20216361522e-02  -1.89638879934e+01
  564   2.03827480287e-02  -1.89526533780e+01
  565   1.85644968538e-02  -1.89413222552e+01
  566   1.65620288961e-02  -1.89298955062e+01
  567   1.43714121758e-02  -1.89183729888e+01
  568   1.19756115696e-02  -1.89067675628e+01
  569   9.37350629504e-03  -1.88950760645e+01
  570   6.55180453756e-03  -1.88833073941e+01
  571   3.50732866917e-03  -1.88714602250e+01
  572   2.30118189659e-04  -1.88595399015e+01
  573  -3.29083556297e-03  -1.88475527014e+01
  574  -7.06131336223e-03  -1.88354995554e+01
  575  -1.10955648347e-02  -1.88233897436e+01
  576  -1.53988950664e-02  -1.88112234758e+01
  577  -1.99729488823e-02  -1.87989971761e+01
  578  -2.48442928961e-02  -1.87867320672e+01
  579  -3.00081791634e-02  -1.87744179201e+01
  580  -3.54859839281e-02  -1.87620704995e+01
  581  -4.12774429570e-02  -1.87496837889e+01
  582  -4.73973343999e-02  -1.87372666775e+01
  583  -5.38591295532e-02  -1.87248266047e+01
  584  -6.06670848297e-02  -1.87123616474e+01
  585  -6.78416050837e-02  -1.86998858846e+01
  586  -7.53885867152e-02  -1.86873987308e+01
  587  -8.33068241159e-02  -1.86748923430e+01
  588  -9.16345945762e-02  -1.86623982103e+01
  589  -1.00359413862e-01  -1.86498968890e+01
  590  -1.09513110413e-01  -1.86374130890e+01
  591  -1.19090457635e-01  -1.86249342902e+01
  592  -1.29112656452e-01  -1.86124742324e+01
  593  -1.39595613776e-01  -1.86000411849e+01
  594  -1.50541772217e-01  -1.85876297704e+01
  595  -1.61979117621e-01  -1.85752599758e+01
  596  -1.73913869697e-01  -1.85629298298e+01
  597  -1.86341416705e-01  -1.85506263380e+01
  598  -1.99314409686e-01  -1.85383935854e+01
  599  -2.12810061102e-01  -1.85262000063e+01
  600  -2.26873939038e-01  -1.85140821984e+01
  601  -2.41493395643e-01  -1.85020183274e+01
  602  -2.56698654529e-01  -1.84900292277e+01
  603  -2.72507271682e-01  -1.84781228499e+01
  604  -2.88920201893e-01  -1.84662903215e+01
  605  -3.05974088306e-01  -1.84545582418e+01
  606  -3.23675480274e-01  -1.84429228824e+01
  607  -3.42015686206e-01  -1.84313650419e+01
  608  -3.61064485048e-01  -1.84199437690e+01
  609  -3.80786088222e-01  -1.84086122870e+01
  610  -4.01243124851e-01  -1.83974220080e+01
  611  -4.22413062335e-01  -1.83863389206e+01
  612  -4.44337540444e-01  -1.83753929453e+01
  613  -4.67035204016e-01  -1.83645907475e+01
  614  -4.90505191839e-01  -1.83539192228e+01
  615  -5.14794458416e-01  -1.83434128258e+01
  616  -5.39909284024e-01  -1.83330650589e+01
  617  -5.65836412178e-01  -1.83228496136e+01
  618  -5.92665357915e-01  -1.83128426950e+01
  619  -6.20344246228e-01  -1.83029788128e+01
  620  -6.48956488143e-01  -1.82933274979e+01
  621  -6.78466430254e-01  -1.82838389092e+01
  622  -7.08930182245e-01  -1.82745546921e+01
  623  -7.40365986851e-01  -1.82654783226e+01
  624  -7.72771317470e-01  -1.82565922038e+01
  625  -8.06204298993e-01  -1.82479390974e+01
  626  -8.40670726091e-01  -1.82395091169e+01
  627  -8.76151580947e-01  -1.82312672517e+01
  628  -9.12758731029e-01  -1.82233090873e+01
  629  -9.50420326500e-01  -1.82155461454e+01
  630  -9.89244312681e-01  -1.82080694513e+01
  631  -1.02917807554e+00  -1.82008091259e+01
  632  -1.07029502806e+00  -1.81938210152e+01
  633  -1.11261090171e+00  -1.81871029504e+01
  634  -1.15612107829e+00  -1.81806320829e+01
  635  -1.20089540323e+00  -1.81744597130e+01
  636  -1.24693844177e+00  -1.81685715186e+01
  637  -1.29422425961e+00  -1.81629223466e+01
  638  -1.34288809582e+00  -1.81576279153e+01
  639  -1.39283457867e+00  -1.81525729658e+01
  640  -1.44419872251e+00  -1.81478723294e+01
  641  -1.49690704534e+00  -1.81434319824e+01
  642  -1.55105218486e+00  -1.81393237209e+01
  643  -1.60664436501e+00  -1.81355365904e+01
  644  -1.66367584952e+00  -1.81320413503e+01
  645  -1.72222745244e+00  -1.81288970069e+01
  646  -1.78230124564e+00  -1.81260834926e+01
  647  -1.84386307605e+00  -1.81235442013e+01
  648  -1.90706947631e+00  -1.81214129371e+01
  649  -1.97179894375e+00  -1.81195451256e+01
  650  -2.03821318091e+00  -1.81180791428e+01
  651  -2.10621462949e+00  -1.81168937801e+01
  652  -2.17591478606e+00  -1.81160766366e+01
  653  -2.24731430752e+00  -1.81156041845e+01
  654  -2.32040039600e+00  -1.81154391780e+01
  655  -2.39526191903e+00  -1.81156458037e+01
  656  -2.47189671367e+00  -1.81161969612e+01
  657  -2.55026115724e+00  -1.81170238606e+01
  658  -2.63052585345e+00  -1.81182717586e+01
  659  -2.71254305865e+00  -1.81197673192e+01
  660  -2.79649558825e+00  -1.81216676282e+01
  661  -2.88226049986e+00  -1.81238238065e+01
  662  -2.96996378168e+00  -1.81263357940e+01
  663  -3.05959116836e+00  -1.81291631285e+01
  664  -3.15112183877e+00  -1.81322586825e+01
  665  -3.24464595133e+00  -1.81356862414e+01
  666  -3.34015511112e+00  -1.81394109561e+01
  667  -3.43759489447e+00  -1.81433519063e+01
  668  -3.53713527850e+00  -1.81476525921e+01
  669  -3.63860684138e+00  -1.81521170827e+01
  670  -3.74219951330e+00  -1.81569088899e+01
  671  -3.84776824003e+00  -1.81618565730e+01
  672  -3.95544228065e+00  -1.81670631469e+01
  673  -4.06518721422e+00  -1.81724680630e+01
  674  -4.17696963074e+00  -1.81780119574e+01
  675  -4.29086996285e+00  -1.81837495387e+01
  676  -4.40687105297e+00  -1.81896381575e+01
  677  -4.52490774594e+00  -1.81955874489e+01
  678  -4.64512416090e+00  -1.82017166787e+01
  679  -4.76734212012e+00  -1.82078231465e+01
  680  -4.89173259308e+00  -1.82140537584e+01
  681  -5.01813949081e+00  -1.82202287854e+01
  682  -5.14667493146e+00  -1.82264372468e+01
  683  -5.27728062117e+00  -1.82325982852e+01
  684  -5.40990530775e+00  -1.82386386929e+01
  685  -5.54460354691e+00  -1.82445917480e+01
  686  -5.68134758261e+00  -1.82504091165e+01
  687  -5.82006365803e+00  -1.82559972239e+01
  688  -5.96083462204e+00  -1.82614199401e+01
  689  -6.10349766088e+00  -1.82664963237e+01
  690  -6.24816547222e+00  -1.82713219127e+01
  691  -6.39469324238e+00  -1.82757357016e+01
  692  -6.54314554607e+00  -1.82797871486e+01
  693  -6.69344143284e+00  -1.82833812826e+01
  694  -6.84550743178e+00  -1.82864317876e+01
  695  -6.99935263558e+00  -1.82889361623e+01
  696  -7.15493860966e+00  -1.82908456703e+01
  697  -7.31218919678e+00  -1.82920752051e+01
  698  -7.47108390368e+00  -1.82925967492e+01
  699  -7.63151228265e+00  -1.82922938070e+01
  700  -7.79347870662e+00  -1.82911662619e+01
  701  -7.95688537195e+00  -1.82891134174e+01
  702  -8.12171131506e+00  -1.82861130881e+01
  703  -8.28786330914e+00  -1.82820725404e+01
  704  -8.45524527485e+00  -1.82768979714e+01
  705  -8.62380213923e+00  -1.82705384337e+01
  706  -8.79348872168e+00  -1.82629547703e+01
  707  -8.96423775379e+00  -1.82540876776e+01
  708  -9.13588779929e+00  -1.82437856739e+01
  709  -9.30842718451e+00  -1.82320491043e+01
  710  -9.48170170260e+00  -1.82187378687e+01
  711  -9.65570686995e+00  -1.82038637421e+01
  712  -9.83029902271e+00  -1.81873014862e+01
  713  -1.00053953444e+01  -1.81689889300e+01
  714  -1.01808839993e+01  -1.81488371338e+01
  715  -1.03566351943e+01  -1.81267414849e+01
  716  -1.05326059378e+01  -1.81026864912e+01
  717  -1.07087549628e+01  -1.80766607095e+01
  718  -1.08847619786e+01  -1.80483759994e+01
  719  -1.10607601058e+01  -1.80180000270e+01
  720  -1.12364037556e+01  -1.79852240903e+01
  721  -1.14118284887e+01  -1.79502230401e+01
  722  -1.15867458548e+01  -1.79127500577e+01
  723  -1.17611163928e+01  -1.78728096907e+01
  724  -1.19348290089e+01  -1.78303372000e+01
  725  -1.21076841107e+01  -1.77851816759e+01
  726  -1.22796543966e+01  -1.77373668210e+01
  727  -1.24507439298e+01  -1.76869499750e+01
  728  -1.26204915075e+01  -1.76335254281e+01
  729  -1.27892029308e+01  -1.75774567123e+01
  730  -1.29563463258e+01  -1.75182717999e+01
  731  -1.31222264559e+01  -1.74563374338e+01
  732  -1.32864177195e+01  -1.73912919971e+01
  733  -1.34489585184e+01  -1.73232398670e+01
  734  -1.36097616506e+01  -1.72521617136e+01
  735  -1.37685815199e+01  -1.71778816310e+01
  736  -1.39254207206e+01  -1.71004736577e+01
  737  -1.40803432460e+01  -1.70200748838e+01
  738  -1.42328057028e+01  -1.69362165570e+01
  739  -1.43832780654e+01  -1.68494447857e+01
  740  -1.45310965057e+01  -1.67591732111e+01
  741  -1.46767275796e+01  -1.66659471400e+01
  742  -1.48196533182e+01  -1.65693284795e+01
  743  -1.49600107935e+01  -1.64695352228e+01
  744  -1.50977580856e+01  -1.63666072824e+01
  745  -1.52326425796e+01  -1.62603746676e+01
  746  -1.53647041905e+01  -1.61509605937e+01
  747  -1.54940686173e+01  -1.60385746065e+01
  748  -1.56201965298e+01  -1.59227616380e+01
  749  -1.57436678924e+01  -1.58041862115e+01
  750  -1.58637829618e+01  -1.56822333018e+01
  751  -1.59811158647e+01  -1.55575617867e+01
  752  -1.60951313098e+01  -1.54297210302e+01
  753  -1.62060575844e+01  -1.52990237455e+01
  754  -1.63139090557e+01  -1.51655683702e+01
  755  -1.64184671384e+01  -1.50292199093e+01
  756  -1.65198061287e+01  -1.48901356361e+01
  757  -1.66180963468e+01  -1.47485681126e+01
  758  -1.67128902630e+01  -1.46041512062e+01
  759  -1.68047868522e+01  -1.44575642958e+01
  760  -1.68931609186e+01  -1.43082615245e+01
  761  -1.69786031511e+01  -1.41569116926e+01
  762  -1.70606438571e+01  -1.40031219337e+01
  763  -1.71395646827e+01  -1.38472492860e+01
  764  -1.72154298806e+01  -1.36894318844e+01
  765  -1.72880860225e+01  -1.35295885856e+01
  766  -1.73576262218e+01  -1.33678830788e+01
  767  -1.74242352873e+01  -1.32045689607e+01
  768  -1.74876168325e+01  -1.30394167872e+01
  769  -1.75482900205e+01  -1.28730106947e+01
  770  -1.76057943892e+01  -1.27049532297e+01
  771  -1.76606374513e+01  -1.25358128057e+01
  772  -1.77124816283e+01  -1.23653106568e+01
  773  -1.77616048582e+01  -1.21937813263e+01
  774  -1.78081025792e+01  -1.20213746445e+01
  775  -1.78518975034e+01  -1.18480654720e+01
  776  -1.78930813133e+01  -1.16739953359e+01
  777  -1.79318188945e+01  -1.14993766402e+01
  778  -1.79679835943e+01  -1.13241279245e+01
  779  -1.80019385788e+01  -1.11486551619e+01
  780  -1.80334344819e+01  -1.09727494652e+01
  781  -1.80628197721e+01  -1.07967973742e+01
  782  -1.80899213422e+01  -1.06206615131e+01
  783  -1.81149598196e+01  -1.04445958446e+01
  784  -1.81380385056e+01  -1.02687346570e+01
  785  -1.81591496468e+01  -1.00930988593e+01
  786  -1.81783650868e+01  -9.91778663129e+00
  787  -1.81958045271e+01  -9.74294170702e+00
  788  -1.82114921089e+01  -9.56860999782e+00
  789  -1.82256021927e+01  -9.39498538887e+00
  790  -1.82380944076e+01  -9.22204485423e+00
  791  -1.82491262475e+01  -9.04996105865e+00
  792  -1.82586853700e+01  -8.87873472329e+00
  793  -1.82669022824e+01  -8.70850733131e+00
  794  -1.82738698444e+01  -8.53938069562e+00
  795  -1.82796320921e+01  -8.37140584155e+00
  796  -1.82842309090e+01  -8.20462972164e+00
  797  -1.82877303478e+01  -8.03911958279e+00
  798  -1.82902649373e+01  -7.87501132667e+00
  799  -1.82918305211e+01  -7.71230043105e+00
  800  -1.82925579272e+01  -7.55111565313e+00
  801  -1.82924251775e+01  -7.39143132334e+00
  802  -1.82915508415e+01  -7.23336072880e+00
  803  -1.82899689101e+01  -7.07693107004e+00
  804  -1.82877525121e+01  -6.92220722935e+00
  805  -1.82849772069e+01  -6.76925513168e+00
  806  -1.82816537975e+01  -6.61807462791e+00
  807  -1.82777947671e+01  -6.46866597631e+00
  808  -1.82735997461e+01  -6.32121535443e+00
  809  -1.82689255630e+01  -6.17556503281e+00
  810  -1.82640199030e+01  -6.03194701449e+00
  811  -1.82587215711e+01  -5.89018344280e+00
  812  -1.82532382926e+01  -5.75046437378e+00
  813  -1.82475215641e+01  -5.61272275513e+00
  814  -1.82416238001e+01  -5.47699159224e+00
  815  -1.82356342692e+01  -5.34333994541e+00
  816  -1.82295385077e+01  -5.21173242174e+00
  817  -1.82233096424e+01  -5.08212052901e+00
  818  -1.82171741032e+01  -4.95470841310e+00
  819  -1.82108995715e+01  -4.82924094551e+00
  820  -1.82047968282e+01  -4.70600550015e+00
  821  -1.81986158309e+01  -4.58472820952e+00
  822  -1.81926122159e+01  -4.46564038299e+00
  823  -1.81866793808e+01  -4.34861074291e+00
  824  -1.81808525217e+01  -4.23364944365e+00
  825  -1.81752220726e+01  -4.12082155791e+00
  826  -1.81697564904e+01  -4.01006993589e+00
  827  -1.81644046902e+01  -3.90131765475e+00
  828  -1.81593922588e+01  -3.79476423422e+00
  829  -1.81544443639e+01  -3.69010868500e+00
  830  -1.81498909530e+01  -3.58765459714e+00
  831  -1.81454400140e+01  -3.48708359054e+00
  832  -1.81413612424e+01  -3.38863885971e+00
  833  -1.81375154866e+01  -3.29215477843e+00
  834  -1.81339256428e+01  -3.19762774693e+00
  835  -1.81306755609e+01  -3.10511512999e+00
  836  -1.81277248707e+01  -3.01455014733e+00
  837  -1.81250112406e+01  -2.92584413108e+00
  838  -1.81227428154e+01  -2.83917894904e+00
  839  -1.81206379631e+01  -2.75424687917e+00
  840  -1.81190153180e+01  -2.67134052054e+00
  841  -1.81175769062e+01  -2.59013610441e+00
  842  -1.81165827587e+01  -2.51086796329e+00
  843  -1.81158824088e+01  -2.43336018221e+00
  844  -1.81154907307e+01  -2.35760237066e+00
  845  -1.81154812414e+01  -2.28364298478e+00
  846  -1.81158109317e+01  -2.21141421086e+00
  847  -1.81164159963e+01  -2.14082768386e+00
  848  -1.81174785532e+01  -2.07204118226e+00
  849  -1.81187337823e+01  -2.00476587764e+00
  850  -1.81204707620e+01  -1.93926703414e+00
  851  -1.81224092208e+01  -1.87524093006e+00
  852  -1.81247853675e+01  -1.81290053958e+00
  853  -1.81274522158e+01  -1.75207599858e+00
  854  -1.81304199812e+01  -1.69275492545e+00
  855  -1.81337503315e+01  -1.63497668444e+00
  856  -1.81374020813e+01  -1.57867812201e+00
  857  -1.81413156195e+01  -1.52377797643e+00
  858  -1.81456444266e+01  -1.47040836628e+00
  859  -1.81501533489e+01  -1.41831315881e+00
  860  -1.81550930822e+01  -1.36772232204e+00
  861  -1.81602143946e+01  -1.31836629710e+00
  862  -1.81657225258e+01  -1.27043025715e+00
  863  -1.81714831763e+01  -1.22376021935e+00
  864  -1.81775037613e+01  -1.17834422413e+00
  865  -1.81838343973e+01  -1.13421332893e+00
  866  -1.81904381237e+01  -1.09131186167e+00
  867  -1.81972626375e+01  -1.04956913717e+00
  868  -1.82044331980e+01  -1.00909233178e+00
  869  -1.82117498317e+01  -9.69663766037e-01
  870  -1.82194223113e+01  -9.31475765324e-01
  871  -1.82272380874e+01  -8.94298718996e-01
  872  -1.82353693136e+01  -8.58287979458e-01
  873  -1.82436989416e+01  -8.23310061958e-01
  874  -1.82522325961e+01  -7.89354449697e-01
  875  -1.82610098620e+01  -7.56444885795e-01
  876  -1.82699990484e+01  -7.24534161802e-01
  877  -1.82791562349e+01  -6.93563145199e-01
  878  -1.82885806356e+01  -6.63616117571e-01
  879  -1.82981081913e+01  -6.34514427502e-01
  880  -1.83079088038e+01  -6.06413624534e-01
  881  -1.83178076065e+01  -5.79124834759e-01
  882  -1.83279443464e+01  -5.52774034924e-01
  883  -1.83382209392e+01  -5.27249693793e-01
  884  -1.83486416081e+01  -5.02542850458e-01
  885  -1.83592367086e+01  -4.78670941668e-01
  886  -1.83699801203e+01  -4.55595211898e-01
  887  -1.83808362629e+01  -4.33267713471e-01
  888  -1.83918811028e+01  -4.11752290173e-01
  889  -1.84029845315e+01  -3.90907003304e-01
  890  -1.84142796721e+01  -3.70853356148e-01
  891  -1.84256274379e+01  -3.51440935439e-01
  892  -1.84371375363e+01  -3.32768328236e-01
  893  -1.84487304752e+01  -3.14745196225e-01
  894  -1.84604092574e+01  -2.97363919893e-01
  895  -1.84721963302e+01  -2.80636549750e-01
  896  -1.84840708671e+01  -2.64532101569e-01
  897  -1.84960050916e+01  -2.49012866503e-01
  898  -1.85080544686e+01  -2.34124584509e-01
  899  -1.85201200061e+01  -2.19758781096e-01
  900  -1.85323015537e+01  -2.06006001850e-01
  901  -1.85444929936e+01  -1.92751067109e-01
  902  -1.85567767512e+01  -1.80067514161e-01
  903  -1.85690909251e+01  -1.67884779648e-01
  904  -1.85814372603e+01  -1.56196132525e-01
  905  -1.85938314425e+01  -1.45008969409e-01
  906  -1.86062576639e+01  -1.34299389790e-01
  907  -1.86186948916e+01  -1.24038453830e-01
  908  -1.86311810105e+01  -1.14256311998e-01
  909  -1.86436444165e+01  -1.04873821485e-01
  910  -1.86561556893e+01  -9.59541731732e-02
  911  -1.86686380587e+01  -8.74134028103e-02
  912  -1.86811497662e+01  -7.93027032783e-02
  913  -1.86936448219e+01  -7.15692180000e-02
  914  -1.87061237182e+01  -6.42067257605e-02
  915  -1.87185963865e+01  -5.72185965110e-02
  916  -1.87310516687e+01  -5.05872699136e-02
  917  -1.87434742724e+01  -4.42912025139e-02
  918  -1.87558870746e+01  -3.83471619039e-02
  919  -1.87682424719e+01  -3.27015912469e-02
  920  -1.87805854504e+01  -2.73936484820e-02
  921  -1.87928652380e+01  -2.23668875020e-02
  922  -1.88051186281e+01  -1.76525491139e-02
  923  -1.88173141501e+01  -1.32137551938e-02
  924  -1.88294507448e+01  -9.04416367037e-03
  925  -1.88415337397e+01  -5.14394315889e-03
  926  -1.88535558624e+01  -1.50078985102e-03
  927  -1.88655068572e+01   1.90046060525e-03
  928  -1.88773966661e+01   5.05465836639e-03
  929  -1.88891985311e+01   7.99323114072e-03
  930  -1.89009352002e+01   1.06979950326e-02
  931  -1.89125785691e+01   1.32014979745e-02
  932  -1.89241468441e+01   1.54898751275e-02
  933  -1.89356212875e+01   1.75860913130e-02
  934  -1.89469994840e+01   1.94966866137e-02
  935  -1.89582828742e+01   2.12242443797e-02
  936  -1.89694676942e+01   2.27764503588e-02
  937  -1.89805480041e+01   2.41630666595e-02
  938  -1.89915227337e+01   2.53888891624e-02
  939  -1.90023832201e+01   2.64662108106e-02
  940  -1.90131329249e+01   2.73951096809e-02
  941  -1.90237635584e+01   2.81873220237e-02
  942  -1.90342770614e+01   2.88442658696e-02
  943  -1.90446660287e+01   2.93766157951e-02
  944  -1.90549266218e+01   2.97913946313e-02
  945  -1.90650571322e+01   3.00934125229e-02
  946  -1.90750568464e+01   3.02864026085e-02
  947  -1.90849234719e+01   3.03755951493e-02
  948  -1.90946467224e+01   3.03741334488e-02
  949  -1.91042334068e+01   3.02779910234e-02
  950  -1.91136705564e+01   3.01028398657e-02
  951  -1.91229669709e+01   2.98425126529e-02
  952  -1.91321106549e+01   2.95115593304e-02
  953  -1.91411041802e+01   2.91098933541e-02
  954  -1.91499423561e+01   2.86451182061e-02
  955  -1.91586210169e+01   2.81237438772e-02
  956  -1.91671420233e+01   2.75461870379e-02
  957  -1.91755061291e+01   2.69139031868e-02
  958  -1.91836955894e+01   2.62467770570e-02
  959  -1.91917300591e+01   2.55272359846e-02
  960  -1.91995830075e+01   2.47838213462e-02
  961  -1.92072774600e+01   2.39954643814e-02
  962  -1.92147899475e+01   2.31875208610e-02
  963  -1.92221314460e+01   2.23508468184e-02
  964  -1.92292957803e+01   2.14933868996e-02
  965  -1.92362767903e+01   2.06230118489e-02
  966  -1.92430786984e+01   1.97371551567e-02
  967  -1.92497046679e+01   1.88342506248e-02
  968  -1.92561312904e+01   1.79392430842e-02
  969  -1.92623885940e+01   1.70235954413e-02
  970  -1.92684391958e+01   1.61261153243e-02
  971  -1.92743177833e+01   1.52134982495e-02
  972  -1.92799915222e+01   1.43198969483e-02
  973  -1.92854785081e+01   1.34284902703e-02
  974  -1.92907716689e+01   1.25475690616e-02
  975  -1.92958634204e+01   1.16858845865e-02
  976  -1.93007598430e+01   1.08384765357e-02
  977  -1.93054660372e+01   1.00013133890e-02
  978  -1.93099545928e+01   9.20281892536e-03
  979  -1.93142634918e+01   8.40598805500e-03
  980  -1.93183472376e+01   7.65723134341e-03
  981  -1.93222495745e+01   6.91368604302e-03
  982  -1.93259306923e+01   6.21598140009e-03
  983  -1.93294144248e+01   5.54106700083e-03
  984  -1.93326931079e+01   4.89733858387e-03
  985  -1.93357583642e+01   4.29385770895e-03
  986  -1.93386176351e+01   3.72382551164e-03
  987  -1.93412775315e+01   3.18122666807e-03
  988  -1.93437082424e+01   2.69641616866e-03
  989  -1.93459531559e+01   2.22651813333e-03
  990  -1.93479615074e+01   1.82274816054e-03
  991  -1.93497831083e+01   1.43571872227e-03
  992  -1.93513736676e+01   1.11008398828e-03
  993  -1.93527611139e+01   8.18247292028e-04
  994  -1.93539375385e+01   5.68399358738e-04
  995  -1.93548943033e+01   3.69415326273e-04
  996  -1.93556398348e+01   2.13066608591e-04
  997  -1.93561817690e+01   9.18703596373e-05
  998  -1.93564898651e+01   3.61705473514e-05
  999  -1.93566101635e+01   0.00000000000e+00
